# p2p microbenchmark: sweep message size from 0B to 50000B
# ./submit-clusterperf 2 2 clusterperf.py -r 0 --disjunct --transport basic+ofiud point2point --verbose --cpusPerServer 10 --servers 2 --count 100000 --size 50000

#     nodes  size (B)       ops       min       p50       p90       p99
          2         0    100000      2.04      2.68      2.96      3.28
          2       100    100000      2.29      2.69      3.04      3.46
          2       200    100000      2.15      2.65      2.99      3.42
          2       300    100000      2.18      2.85      3.16      3.55
          2       400    100000      2.35      2.82      3.17      3.57
          2       500    100000      2.37      2.85      3.22      3.70
          2       600    100000      2.33      2.93      3.25      3.62
          2       700    100000      0.00      2.96      3.34      3.79
          2       800    100000      2.42      2.95      3.31      3.74
          2       900    100000      2.61      3.05      3.42      3.86
          2      1000    100000      2.56      2.99      3.36      3.82
          2      1100    100000      2.43      3.08      3.41      3.86
          2      1200    100000      2.55      3.07      3.45      3.94
          2      1300    100000      2.54      3.15      3.48      3.91
          2      1400    100000      2.67      3.15      3.54      4.02
          2      1500    100000      2.60      3.20      3.57      4.05
          2      1600    100000      2.71      3.21      3.60      4.10
          2      1700    100000      2.76      3.24      3.61      4.04
          2      1800    100000      2.79      3.24      3.62      4.08
          2      1900    100000      2.77      3.27      3.66      4.14
          2      2000    100000      2.83      3.30      3.67      4.11
          2      2100    100000      2.87      3.34      3.74      4.28
          2      2200    100000      2.84      3.49      3.85      4.31
          2      2300    100000      2.96      3.49      3.84      4.31
          2      2400    100000      3.00      3.53      3.91      4.42
          2      2500    100000      2.91      3.56      3.95      4.46
          2      2600    100000      2.94      3.56      3.95      4.47
          2      2700    100000      3.01      3.59      3.97      4.50
          2      2800    100000      2.94      3.58      3.97      4.48
          2      2900    100000      3.08      3.62      4.00      4.50
          2      3000    100000      3.06      3.71      4.12      4.75
          2      3100    100000      3.09      3.64      4.08      4.69
          2      3200    100000      3.15      3.72      4.13      4.68
          2      3300    100000      3.10      3.73      4.13      4.65
          2      3400    100000      3.27      3.84      4.21      4.70
          2      3500    100000      3.12      3.75      4.16      4.71
          2      3600    100000      3.24      3.87      4.26      4.80
          2      3700    100000      3.26      3.90      4.30      4.84
          2      3800    100000      3.13      3.84      4.23      4.75
          2      3900    100000      3.38      4.01      4.42      4.97
          2      4000    100000      3.64      4.29      4.64      5.10
          2      4100    100000      3.71      4.29      4.66      5.12
          2      4200    100000      3.77      4.35      4.71      5.17
          2      4300    100000      3.76      4.36      4.71      5.15
          2      4400    100000      3.78      4.36      4.74      5.27
          2      4500    100000      3.80      4.50      4.84      5.37
          2      4600    100000      3.77      4.46      4.81      5.30
          2      4700    100000      3.84      4.51      4.86      5.34
          2      4800    100000      3.85      4.42      4.77      5.22
          2      4900    100000      3.80      4.50      4.88      5.43
          2      5000    100000      3.81      4.54      4.94      5.51
          2      5100    100000      3.91      4.48      4.83      5.32
          2      5200    100000      3.92      4.47      4.86      5.44
          2      5300    100000      3.95      4.47      4.84      5.40
          2      5400    100000      3.95      4.49      4.87      5.43
          2      5500    100000      4.02      4.54      4.93      5.51
          2      5600    100000      3.82      4.63      5.00      5.55
          2      5700    100000      4.03      4.63      5.03      5.58
          2      5800    100000      4.07      4.67      5.06      5.67
          2      5900    100000      4.07      4.65      5.05      5.64
          2      6000    100000      4.12      4.68      5.08      5.64
          2      6100    100000      4.26      4.89      5.28      5.90
          2      6200    100000      4.18      4.84      5.24      5.85
          2      6300    100000      4.23      4.91      5.29      5.92
          2      6400    100000      4.24      4.86      5.21      5.76
          2      6500    100000      4.33      4.92      5.32      5.91
          2      6600    100000      4.16      4.90      5.29      5.87
          2      6700    100000      4.30      4.99      5.41      6.05
          2      6800    100000      4.31      5.03      5.43      6.07
          2      6900    100000      4.37      5.01      5.43      6.08
          2      7000    100000      4.35      4.97      5.41      6.08
          2      7100    100000      4.35      5.02      5.46      6.14
          2      7200    100000      4.44      5.09      5.57      6.29
          2      7300    100000      4.45      5.18      5.69      6.43
          2      7400    100000      4.42      5.16      5.67      6.35
          2      7500    100000      4.46      5.28      5.79      6.53
          2      7600    100000      4.56      5.23      5.71      6.40
          2      7700    100000      4.55      5.22      5.71      6.43
          2      7800    100000      4.58      5.27      5.79      6.54
          2      7900    100000      4.65      5.37      5.86      6.56
          2      8000    100000      4.58      5.24      5.69      6.42
          2      8100    100000      4.62      5.28      5.70      6.35
          2      8200    100000      5.18      6.23      6.95      7.91
          2      8300    100000      5.17      6.24      6.96      7.95
          2      8400    100000      4.93      6.19      6.93      7.95
          2      8500    100000      5.16      6.26      6.98      8.09
          2      8600    100000      5.15      6.29      7.01      8.02
          2      8700    100000      5.11      6.25      6.99      8.05
          2      8800    100000      5.21      6.39      7.14      8.19
          2      8900    100000      5.27      6.37      7.11      8.15
          2      9000    100000      5.24      6.41      7.14      8.15
          2      9100    100000      5.35      6.47      7.21      8.24
          2      9200    100000      5.33      6.49      7.23      8.25
          2      9300    100000      5.25      6.41      7.14      8.16
          2      9400    100000      5.34      6.51      7.24      8.29
          2      9500    100000      5.42      6.57      7.31      8.35
          2      9600    100000      5.48      6.60      7.34      8.41
          2      9700    100000      5.46      6.56      7.29      8.36
          2      9800    100000      5.36      6.55      7.30      8.30
          2      9900    100000      5.46      6.62      7.38      9.09
          2     10000    100000      5.49      6.66      7.41      8.42
          2     10100    100000      5.54      6.66      7.41      8.41
          2     10200    100000      5.57      6.75      7.50      8.60
          2     10300    100000      5.64      6.84      7.59      8.77
          2     10400    100000      5.57      6.84      7.60      8.74
          2     10500    100000      5.70      6.87      7.62      8.81
          2     10600    100000      5.72      6.90      7.64      8.80
          2     10700    100000      5.55      6.87      7.63      8.79
          2     10800    100000      5.50      6.86      7.62      8.76
          2     10900    100000      5.69      6.96      7.73      8.96
          2     11000    100000      5.75      6.94      7.72      8.89
          2     11100    100000      5.68      6.94      7.70      8.83
          2     11200    100000      5.65      6.89      7.65      8.69
          2     11300    100000      5.70      6.96      7.72      8.80
          2     11400    100000      5.68      6.95      7.71      8.72
          2     11500    100000      5.70      6.93      7.70      8.71
          2     11600    100000      5.60      6.94      7.71      8.69
          2     11700    100000      5.63      7.02      7.79      8.75
          2     11800    100000      5.75      6.98      7.74      8.70
          2     11900    100000      5.68      7.00      7.73      8.60
          2     12000    100000      5.75      6.94      7.68      8.69
          2     12100    100000      5.65      6.98      7.73      8.72
          2     12200    100000      5.75      6.93      7.70      8.87
          2     12300    100000      5.84      7.06      7.80      8.83
          2     12400    100000      5.76      7.04      7.80      8.81
          2     12500    100000      5.82      7.02      7.78      8.85
          2     12600    100000      5.69      6.98      7.71      8.75
          2     12700    100000      5.82      7.04      7.80      8.91
          2     12800    100000      5.74      7.00      7.76      8.84
          2     12900    100000      5.79      6.96      7.73      8.82
          2     13000    100000      5.81      7.04      7.80      8.91
          2     13100    100000      5.91      7.06      7.81      8.94
          2     13200    100000      5.82      7.06      7.82      8.97
          2     13300    100000      5.81      7.13      7.90      9.05
          2     13400    100000      5.70      7.10      7.88      9.30
          2     13500    100000      5.88      7.10      7.86      9.24
          2     13600    100000      5.78      7.05      7.82      9.05
          2     13700    100000      5.69      7.06      7.83      9.07
          2     13800    100000      5.73      7.03      7.81      9.00
          2     13900    100000      5.88      7.11      7.88      9.07
          2     14000    100000      5.89      7.17      7.94      9.17
          2     14100    100000      5.81      7.10      7.87      9.06
          2     14200    100000      5.74      7.04      7.83      9.11
          2     14300    100000      5.83      7.12      7.91      9.22
          2     14400    100000      5.81      7.10      7.88      9.11
          2     14500    100000      5.75      7.09      7.87      9.13
          2     14600    100000      5.91      7.13      7.90      9.16
          2     14700    100000      5.78      7.16      7.94      9.26
          2     14800    100000      5.88      7.08      7.87      9.14
          2     14900    100000      5.82      7.14      7.93      9.22
          2     15000    100000      5.83      7.21      8.01      9.38
          2     15100    100000      5.74      7.11      7.89      9.20
          2     15200    100000      5.76      7.13      7.94      9.20
          2     15300    100000      5.88      7.20      7.98      9.25
          2     15400    100000      5.89      7.18      7.96      9.34
          2     15500    100000      6.20      7.35      8.13      9.57
          2     15600    100000      6.12      7.38      8.16      9.67
          2     15700    100000      6.14      7.30      8.07      9.50
          2     15800    100000      6.24      7.38      8.14      9.61
          2     15900    100000      6.23      7.41      8.19      9.68
          2     16000    100000      6.31      7.45      8.22      9.60
          2     16100    100000      6.31      7.40      8.19     10.11
          2     16200    100000      6.29      7.50      8.27      9.80
          2     16300    100000      6.28      7.46      8.23      9.68
          2     16400    100000      7.66      9.27     10.06     11.27
          2     16500    100000      7.95      9.32     10.11     11.32
          2     16600    100000      8.03      9.51     10.33     11.64
          2     16700    100000      7.98      9.51     10.30     11.59
          2     16800    100000      7.90      9.49     10.29     11.53
          2     16900    100000      7.96      9.59     10.38     11.67
          2     17000    100000      7.93      9.47     10.30     11.65
          2     17100    100000      8.02      9.50     10.33     11.85
          2     17200    100000      8.02      9.53     10.37     11.80
          2     17300    100000      7.97      9.49     10.30     11.58
          2     17400    100000      8.15      9.56     10.40     11.78
          2     17500    100000      8.07      9.57     10.40     11.67
          2     17600    100000      8.09      9.66     10.48     11.78
          2     17700    100000      8.25      9.72     10.54     11.85
          2     17800    100000      8.08      9.52     10.33     11.61
          2     17900    100000      7.99      9.57     10.40     11.77
          2     18000    100000      7.89      9.52     10.36     11.65
          2     18100    100000      8.07      9.58     10.42     11.76
          2     18200    100000      8.24      9.70     10.52     11.84
          2     18300    100000      8.23      9.70     10.55     11.93
          2     18400    100000      8.13      9.63     10.48     11.84
          2     18500    100000      8.20      9.70     10.54     11.87
          2     18600    100000      8.14      9.67     10.50     11.81
          2     18700    100000      8.29      9.78     10.61     11.95
          2     18800    100000      8.19      9.72     10.58     11.97
          2     18900    100000      8.18      9.80     10.64     12.06
          2     19000    100000      8.08      9.69     10.51     11.85
          2     19100    100000      8.25      9.82     10.65     12.12
          2     19200    100000      8.24      9.81     10.65     12.01
          2     19300    100000      8.29      9.77     10.63     11.97
          2     19400    100000      8.31      9.67     10.53     12.13
          2     19500    100000      8.33      9.88     10.76     12.36
          2     19600    100000      8.22      9.73     10.58     12.08
          2     19700    100000      8.24      9.75     10.60     12.05
          2     19800    100000      8.36      9.90     10.74     12.11
          2     19900    100000      8.22      9.71     10.54     11.82
          2     20000    100000      8.29      9.84     10.69     11.99
          2     20100    100000      8.22      9.71     10.56     12.01
          2     20200    100000      8.37      9.82     10.68     12.22
          2     20300    100000      8.32      9.82     10.70     12.24
          2     20400    100000      8.36      9.83     10.68     12.01
          2     20500    100000      8.54     10.01     10.87     12.14
          2     20600    100000      8.65     10.10     10.96     12.32
          2     20700    100000      8.39      9.95     10.83     12.17
          2     20800    100000      8.55     10.01     10.87     12.42
          2     20900    100000      8.67     10.18     11.04     12.83
          2     21000    100000      8.51     10.04     10.90     12.74
          2     21100    100000      8.49     10.10     10.97     12.38
          2     21200    100000      8.73     10.23     11.08     12.23
          2     21300    100000      8.65     10.20     11.04     12.12
          2     21400    100000      8.55     10.15     11.01     12.36
          2     21500    100000      8.46     10.01     10.90     12.52
          2     21600    100000      8.56     10.11     11.02     12.88
          2     21700    100000      8.77     10.29     11.18     12.72
          2     21800    100000      8.68     10.21     11.10     12.68
          2     21900    100000      8.69     10.24     11.13     12.46
          2     22000    100000      8.67     10.12     11.01     12.32
          2     22100    100000      8.77     10.36     11.25     12.89
          2     22200    100000      8.72     10.29     11.17     12.89
          2     22300    100000      8.66     10.22     11.10     12.60
          2     22400    100000      8.66     10.26     11.17     12.63
          2     22500    100000      8.62     10.20     11.08     12.56
          2     22600    100000      8.74     10.33     11.23     12.92
          2     22700    100000      8.73     10.40     11.30     12.88
          2     22800    100000      8.73     10.40     11.30     12.82
          2     22900    100000      8.72     10.21     11.11     12.61
          2     23000    100000      8.72     10.26     11.16     12.64
          2     23100    100000      8.91     10.34     11.24     12.77
          2     23200    100000      8.79     10.39     11.28     12.81
          2     23300    100000      8.84     10.42     11.31     12.85
          2     23400    100000      8.89     10.38     11.28     12.73
          2     23500    100000      8.91     10.43     11.30     12.67
          2     23600    100000      8.78     10.35     11.25     12.66
          2     23700    100000      8.82     10.48     11.38     12.95
          2     23800    100000      8.91     10.44     11.36     12.86
          2     23900    100000      8.65     10.29     11.20     12.73
          2     24000    100000      8.77     10.44     11.36     12.83
          2     24100    100000      8.87     10.45     11.37     13.08
          2     24200    100000      8.94     10.54     11.45     13.03
          2     24300    100000      8.93     10.50     11.42     12.91
          2     24400    100000      8.75     10.35     11.26     12.76
          2     24500    100000      8.85     10.45     11.36     12.83
          2     24600    100000      8.96     10.53     11.42     12.88
          2     24700    100000      9.06     10.61     11.50     13.10
          2     24800    100000      8.93     10.53     11.43     13.09
          2     24900    100000      8.95     10.59     11.51     13.13
          2     25000    100000      9.22     10.71     11.61     13.12
          2     25100    100000      9.06     10.57     11.48     13.02
          2     25200    100000      8.95     10.56     11.48     13.09
          2     25300    100000      9.05     10.61     11.52     13.03
          2     25400    100000      8.89     10.45     11.36     12.94
          2     25500    100000      9.17     10.64     11.54     13.07
          2     25600    100000      8.77     10.40     11.32     12.86
          2     25700    100000      8.93     10.55     11.47     13.01
          2     25800    100000      9.00     10.62     11.54     13.10
          2     25900    100000      9.04     10.65     11.58     13.22
          2     26000    100000      9.06     10.66     11.58     13.23
          2     26100    100000      8.80     10.51     11.43     12.99
          2     26200    100000      9.05     10.67     11.59     13.20
          2     26300    100000      9.08     10.76     11.70     13.62
          2     26400    100000      9.03     10.75     11.71     13.74
          2     26500    100000      9.06     10.73     11.67     13.21
          2     26600    100000      9.07     10.69     11.62     13.19
          2     26700    100000      8.92     10.58     11.50     13.08
          2     26800    100000      9.01     10.63     11.55     13.15
          2     26900    100000      9.00     10.64     11.55     13.07
          2     27000    100000      9.04     10.78     11.71     13.23
          2     27100    100000      9.01     10.74     11.68     13.27
          2     27200    100000      9.10     10.70     11.65     13.17
          2     27300    100000      8.97     10.67     11.62     13.26
          2     27400    100000      9.06     10.70     11.64     13.24
          2     27500    100000      9.08     10.73     11.69     13.24
          2     27600    100000      9.24     10.87     11.80     13.35
          2     27700    100000      9.29     10.89     11.82     13.46
          2     27800    100000      9.04     10.73     11.66     13.33
          2     27900    100000      9.32     10.94     11.89     13.66
          2     28000    100000      9.22     10.84     11.80     13.51
          2     28100    100000      9.24     10.85     11.80     13.41
          2     28200    100000      9.28     10.87     11.81     13.35
          2     28300    100000      9.03     10.73     11.70     13.36
          2     28400    100000      9.31     10.94     11.90     13.62
          2     28500    100000      9.24     10.84     11.82     13.39
          2     28600    100000      9.19     10.68     11.64     13.23
          2     28700    100000      9.29     10.92     11.87     13.44
          2     28800    100000      9.23     10.89     11.85     13.37
          2     28900    100000      9.20     10.92     11.87     13.52
          2     29000    100000      9.08     10.81     11.77     13.40
          2     29100    100000      9.07     10.83     11.79     13.50
          2     29200    100000      9.45     11.01     11.97     13.46
          2     29300    100000      9.25     10.89     11.85     13.39
          2     29400    100000      9.20     10.93     11.91     13.54
          2     29500    100000      9.47     11.05     12.02     14.00
          2     29600    100000      9.20     10.95     11.92     14.04
          2     29700    100000      9.26     10.96     11.93     13.79
          2     29800    100000      9.44     11.03     12.01     13.42
          2     29900    100000      9.17     10.90     11.88     13.36
          2     30000    100000      9.50     11.03     12.00     13.93
          2     30100    100000      9.62     11.18     12.15     14.55
          2     30200    100000      9.59     11.16     12.13     13.71
          2     30300    100000      9.69     11.20     12.17     13.64
          2     30400    100000      9.48     11.10     12.08     13.56
          2     30500    100000      9.52     11.03     12.00     13.64
          2     30600    100000      9.52     11.13     12.11     14.00
          2     30700    100000      9.52     11.02     12.01     13.89
          2     30800    100000      9.56     11.25     12.23     13.86
          2     30900    100000      9.73     11.41     12.40     14.17
          2     31000    100000      9.73     11.27     12.26     13.95
          2     31100    100000      9.64     11.27     12.28     14.11
          2     31200    100000      9.66     11.24     12.26     14.07
          2     31300    100000      9.78     11.25     12.24     13.82
          2     31400    100000      9.62     11.20     12.19     13.80
          2     31500    100000      9.56     11.28     12.28     13.93
          2     31600    100000      9.69     11.21     12.23     13.97
          2     31700    100000      9.70     11.33     12.36     14.07
          2     31800    100000      9.79     11.34     12.34     13.99
          2     31900    100000      9.62     11.27     12.28     14.04
          2     32000    100000      9.77     11.40     12.41     14.25
          2     32100    100000      9.75     11.33     12.35     14.09
          2     32200    100000      9.69     11.31     12.32     14.02
          2     32300    100000      9.51     11.34     12.34     14.13
          2     32400    100000      9.70     11.31     12.34     14.04
          2     32500    100000      9.88     11.56     12.58     14.38
          2     32600    100000     10.00     11.55     12.60     14.28
          2     32700    100000      9.84     11.47     12.49     14.24
          2     32800    100000      9.85     11.46     12.49     14.37
          2     32900    100000      9.77     11.35     12.39     14.08
          2     33000    100000      9.94     11.51     12.54     14.21
          2     33100    100000      9.74     11.43     12.48     14.40
          2     33200    100000      9.90     11.55     12.60     14.39
          2     33300    100000      9.72     11.40     12.44     14.27
          2     33400    100000      9.75     11.50     12.54     14.31
          2     33500    100000      9.87     11.51     12.55     14.24
          2     33600    100000      9.76     11.54     12.59     14.38
          2     33700    100000      9.90     11.48     12.52     14.24
          2     33800    100000      9.92     11.60     12.65     14.60
          2     33900    100000      9.57     11.44     12.50     14.36
          2     34000    100000      9.85     11.54     12.57     14.31
          2     34100    100000      9.88     11.62     12.69     14.56
          2     34200    100000      9.70     11.60     12.66     14.49
          2     34300    100000      9.76     11.45     12.50     14.24
          2     34400    100000      9.84     11.61     12.68     14.51
          2     34500    100000      9.86     11.50     12.57     14.37
          2     34600    100000      9.95     11.67     12.73     14.51
          2     34700    100000     10.14     11.73     12.81     14.63
          2     34800    100000      9.95     11.65     12.71     14.46
          2     34900    100000      9.86     11.61     12.67     14.44
          2     35000    100000     10.08     11.74     12.81     14.74
          2     35100    100000     10.01     11.72     12.78     14.56
          2     35200    100000      9.92     11.63     12.70     14.58
          2     35300    100000      9.90     11.65     12.75     14.63
          2     35400    100000      9.71     11.59     12.66     14.43
          2     35500    100000      9.87     11.68     12.75     14.58
          2     35600    100000     10.02     11.82     12.89     14.67
          2     35700    100000     10.02     11.71     12.79     14.66
          2     35800    100000      9.86     11.65     12.74     14.61
          2     35900    100000     10.13     11.84     12.92     14.78
          2     36000    100000     10.10     11.94     13.02     14.92
          2     36100    100000     10.00     11.75     12.84     14.70
          2     36200    100000      9.87     11.70     12.80     14.64
          2     36300    100000     10.12     11.85     12.94     14.80
          2     36400    100000     10.01     11.72     12.80     14.59
          2     36500    100000     10.19     11.87     12.94     14.70
          2     36600    100000      9.94     11.87     12.98     14.67
          2     36700    100000      9.90     11.70     12.79     14.62
          2     36800    100000     10.23     11.95     13.05     15.06
          2     36900    100000     10.20     11.91     12.97     14.70
          2     37000    100000     10.07     11.80     12.89     14.81
          2     37100    100000     10.30     12.00     13.09     15.06
          2     37200    100000     10.23     12.00     13.09     15.39
          2     37300    100000     10.04     11.82     12.92     14.68
          2     37400    100000     10.06     11.89     13.01     14.84
          2     37500    100000     10.01     11.82     12.92     15.00
          2     37600    100000     10.17     11.95     13.06     15.38
          2     37700    100000     10.25     11.98     13.09     15.00
          2     37800    100000     10.15     11.98     13.06     14.69
          2     37900    100000     10.07     11.86     12.96     14.88
          2     38000    100000     10.26     12.03     13.13     15.29
          2     38100    100000     10.26     11.99     13.11     15.33
          2     38200    100000     10.10     11.88     13.01     14.68
          2     38300    100000     10.39     12.05     13.16     14.85
          2     38400    100000     10.20     12.06     13.19     15.35
          2     38500    100000     10.24     12.08     13.21     15.55
          2     38600    100000     10.08     11.93     13.06     14.84
          2     38700    100000     10.15     12.05     13.18     14.78
          2     38800    100000     10.19     11.97     13.08     14.78
          2     38900    100000     10.43     12.09     13.21     15.05
          2     39000    100000     10.00     11.99     13.11     14.97
          2     39100    100000     10.50     12.21     13.31     15.05
          2     39200    100000     10.30     12.06     13.18     14.87
          2     39300    100000     10.28     12.08     13.21     15.56
          2     39400    100000     10.28     12.10     13.23     15.33
          2     39500    100000     10.23     12.08     13.20     14.87
          2     39600    100000     10.38     12.12     13.25     15.06
          2     39700    100000     10.38     12.23     13.36     15.64
          2     39800    100000     10.44     12.24     13.39     15.73
          2     39900    100000     10.49     12.21     13.34     15.14
          2     40000    100000     10.41     12.23     13.35     15.12
          2     40100    100000     10.64     12.32     13.46     15.66
          2     40200    100000     10.40     12.17     13.29     15.20
          2     40300    100000     10.37     12.20     13.35     15.16
          2     40400    100000     10.32     12.19     13.31     15.09
          2     40500    100000     10.19     12.11     13.22     15.17
          2     40600    100000     10.55     12.22     13.35     15.36
          2     40700    100000     10.70     12.32     13.44     15.16
          2     40800    100000     10.69     12.29     13.44     15.41
          2     40900    100000     10.70     12.46     13.66     15.96
          2     41000    100000     10.39     12.29     13.50     15.33
          2     41100    100000     10.46     12.33     13.54     15.22
          2     41200    100000     10.49     12.25     13.45     15.16
          2     41300    100000     10.66     12.38     13.59     15.53
          2     41400    100000     10.65     12.47     13.65     15.46
          2     41500    100000     10.62     12.45     13.63     15.39
          2     41600    100000     10.68     12.40     13.61     15.36
          2     41700    100000     10.63     12.43     13.63     15.57
          2     41800    100000     10.57     12.38     13.56     15.40
          2     41900    100000     10.52     12.33     13.55     15.37
          2     42000    100000     10.76     12.48     13.68     15.95
          2     42100    100000     10.86     12.57     13.77     15.84
          2     42200    100000     10.60     12.38     13.58     15.34
          2     42300    100000     10.48     12.32     13.54     15.38
          2     42400    100000     10.48     12.35     13.55     15.40
          2     42500    100000     10.76     12.58     13.76     15.92
          2     42600    100000     10.71     12.42     13.60     15.33
          2     42700    100000     10.59     12.32     13.55     15.33
          2     42800    100000     10.69     12.44     13.63     15.50
          2     42900    100000     10.55     12.38     13.60     15.49
          2     43000    100000     10.57     12.48     13.67     15.61
          2     43100    100000     10.54     12.38     13.61     15.83
          2     43200    100000     10.48     12.41     13.61     15.42
          2     43300    100000     10.64     12.47     13.68     15.74
          2     43400    100000     10.72     12.47     13.65     15.44
          2     43500    100000     10.42     12.42     13.61     15.12
          2     43600    100000     10.67     12.47     13.67     15.44
          2     43700    100000     10.69     12.45     13.65     15.86
          2     43800    100000     10.48     12.36     13.57     15.28
          2     43900    100000     10.45     12.40     13.62     15.30
          2     44000    100000     10.59     12.44     13.64     15.50
          2     44100    100000     10.59     12.48     13.70     16.16
          2     44200    100000     10.54     12.35     13.54     15.42
          2     44300    100000     10.34     12.33     13.54     15.22
          2     44400    100000     10.49     12.33     13.55     15.50
          2     44500    100000     10.39     12.42     13.62     15.58
          2     44600    100000     10.37     12.33     13.53     15.51
          2     44700    100000     10.53     12.46     13.67     15.40
          2     44800    100000     10.72     12.65     13.84     15.62
          2     44900    100000     10.96     12.79     14.01     15.91
          2     45000    100000     10.83     12.72     13.93     16.07
          2     45100    100000     11.04     12.95     14.25     16.65
          2     45200    100000     10.97     12.80     14.02     16.19
          2     45300    100000     10.88     12.71     13.93     15.84
          2     45400    100000     10.98     12.75     13.98     16.03
          2     45500    100000     10.76     12.70     13.92     15.92
          2     45600    100000     11.02     12.88     14.10     15.82
          2     45700    100000     11.05     12.94     14.25     16.12
          2     45800    100000     10.92     12.85     14.08     16.31
          2     45900    100000     11.02     12.95     14.28     16.54
          2     46000    100000     10.85     12.85     14.18     16.06
          2     46100    100000     11.03     12.94     14.20     15.93
          2     46200    100000     10.81     12.85     14.18     16.41
          2     46300    100000     11.13     13.02     14.30     16.63
          2     46400    100000     11.18     13.16     14.59     16.56
          2     46500    100000     10.85     12.88     14.21     16.12
          2     46600    100000     10.78     12.85     14.11     16.55
          2     46700    100000     11.02     13.14     14.66     17.00
          2     46800    100000     10.89     12.78     14.03     15.67
          2     46900    100000     11.17     13.22     14.77     16.67
          2     47000    100000     11.22     13.14     14.47     16.97
          2     47100    100000     11.16     13.22     14.73     17.00
          2     47200    100000     10.97     12.88     14.15     15.74
          2     47300    100000     11.12     13.05     14.38     16.18
          2     47400    100000     11.22     13.30     14.82     16.97
          2     47500    100000     11.13     13.13     14.48     16.68
          2     47600    100000     11.00     13.18     14.83     16.88
          2     47700    100000     11.24     13.12     14.51     16.62
          2     47800    100000     11.39     13.39     14.99     17.24
          2     47900    100000     11.25     13.48     15.22     17.26
          2     48000    100000     11.09     13.09     14.45     16.45
          2     48100    100000     11.22     13.28     14.72     16.93
          2     48200    100000     11.43     13.57     15.21     17.36
          2     48300    100000     11.46     13.69     15.34     17.66
          2     48400    100000     10.99     13.52     15.22     17.41
          2     48500    100000     11.22     13.46     15.08     17.22
          2     48600    100000     11.51     13.58     14.99     17.02
          2     48700    100000     11.27     13.85     15.66     17.72
          2     48800    100000     11.33     13.79     15.59     17.68
          2     48900    100000     11.21     13.43     14.96     17.09
          2     49000    100000     12.06     15.91     17.48     19.78
          2     49100    100000     11.95     15.60     17.23     19.59
          2     49200    100000     12.19     16.03     17.85     20.03
          2     49300    100000     12.10     15.89     17.69     19.99
          2     49400    100000     12.08     16.01     17.80     20.25
          2     49500    100000     12.00     15.90     17.56     19.85
          2     49600    100000     12.15     16.00     17.72     20.09
          2     49700    100000     12.18     16.00     17.58     19.85
          2     49800    100000     11.88     16.30     18.16     20.41
          2     49900    100000     12.03     16.28     18.08     20.22