============================
Servers/machine = 2
Gather Tree		= 10-nomial
Message Size	= 1KB
============================

#     nodes  size (B)       ops       min       p50       p90       p99
#----------------------------------------------------------------------
         10       100      1000     13.80     15.30     16.30   1653.51
         20       100      1000     17.97     20.24     21.35   1638.88
         30       100      1000     19.15     22.48     23.68   1637.43
         40       100      1000     20.27     24.69     26.07   1639.93
         50       100      1000     21.98     26.59     27.95   1606.60
         60       100      1000     23.45     28.18     29.96   1621.43
         70       100      1000     24.86     29.47     31.33   1712.27
         80       100      1000     25.82     30.49     32.46   1629.29
         90       100      1000     27.93     33.12     34.77   1644.35
        100       100      1000     29.40     34.12     35.77   2406.46
        110       100      1000     31.44     35.38     37.13   1624.52
        120       100      1000     31.28     35.56     37.41   1649.90
        130       100      1000     31.31     35.73     37.32   1616.78
        140       100      1000     31.60     36.41     38.30    299.77
        150       100      1000     32.08     36.33     38.08     41.49
        160       100      1000     32.16     36.41     38.33   1650.69
        170       100      1000     32.03     36.49     38.48     42.57
        180       100      1000     31.82     36.22     38.15   1651.12
        190       100      1000     33.81     37.96     39.75   1616.11
        200       100      1000     35.86     40.03     41.95   1647.87

============================
Servers/machine = 2
Gather Tree		= 10-nomial
Message Size	= 1KB
============================

#     nodes  size (B)       ops       min       p50       p90       p99
#----------------------------------------------------------------------
         10      1000      1000     14.71     16.30     17.31     19.43
         20      1000      1000     20.16     22.54     23.65     26.44
         30      1000      1000     22.81     26.13     27.27     30.09
         40      1000      1000     24.20     26.71     28.00     30.09
         50      1000      1000     27.50     30.03     31.40     34.09
         60      1000      1000     29.70     32.73     34.22     38.00
         70      1000      1000     33.19     35.84     37.44     40.17
         80      1000      1000     34.81     37.89     39.62     42.74
         90      1000      1000     36.95     41.06     42.78     47.19
        100      1000      1000     39.79     43.22     44.98    700.98
        110      1000      1000     42.49     46.01     47.72     50.04
        120      1000      1000     43.84     47.45     49.20     53.23
        130      1000      1000     45.90     49.32     51.10     52.99
        140      1000      1000     59.12     65.63     68.66    111.77
        150      1000      1000     48.76     53.42     55.50    177.80
        160      1000      1000     49.97     54.18     56.32     60.49
        170      1000      1000     54.01     58.20     60.23   2069.46
        180      1000      1000     56.07     60.89     62.93     66.99
        190      1000      1000     58.40     63.74     65.84     70.40
        200      1000      1000     61.18     65.76     68.10    276.21
