============================
Servers/machine = 1
Gather Tree		= Flat
Message Size	= 100B
============================

#     nodes  size (B)       ops       min       p50       p90       p99
#----------------------------------------------------------------------
          2       100      1000      4.01      4.51      4.90      5.49
          3       100      1000      5.04      5.64      6.09      6.63
          4       100      1000      6.04      6.72      7.25      7.75
          5       100      1000      7.03      7.94      8.46      9.36
          6       100      1000      7.92      9.05      9.65     10.37
          7       100      1000      9.08     10.19     10.76     11.43
          8       100      1000     10.10     11.35     12.05     13.19
          9       100      1000     11.35     12.39     13.02     13.94
         10       100      1000     12.30     13.41     14.12     15.21
         11       100      1000     13.13     14.39     15.30     16.79
         12       100      1000     14.11     15.74     16.57     17.76
         13       100      1000     15.24     16.82     17.75     19.28
         14       100      1000     16.11     18.10     19.13     20.55
         15       100      1000     17.29     18.98     20.18     21.62
         16       100      1000     18.12     20.19     21.26     23.28
         17       100      1000     19.36     21.15     22.22     23.63
         18       100      1000     20.36     22.38     23.69     25.53
         19       100      1000     21.57     23.47     24.72     26.25
         20       100      1000     22.52     24.85     26.12     27.54
         21       100      1000     23.97     26.29     27.57     29.72
         22       100      1000     24.43     27.43     28.83     30.41
         23       100      1000     26.22     28.52     29.79     31.27
         24       100      1000     27.05     29.55     31.01     32.50
         25       100      1000     28.54     30.82     32.05     33.36
         26       100      1000     29.33     31.94     33.45     35.21
         27       100      1000     30.25     33.03     34.60     35.94
         28       100      1000     31.52     34.39     35.98     37.84
         29       100      1000     32.29     35.08     36.73     38.05
         30       100      1000     33.39     36.80     38.52     40.38
         31       100      1000     35.12     37.96     39.49     41.98
         32       100      1000     35.76     38.83     40.55     42.78
         33       100      1000     34.07     39.90     41.61     44.13
         34       100      1000     38.64     41.15     42.98     45.08
         35       100      1000     39.87     42.59     44.31     46.20
         36       100      1000     40.34     43.83     45.52     46.94
         37       100      1000     41.75     45.07     46.89     48.93
         38       100      1000     43.23     46.33     48.36     50.06
         39       100      1000     44.35     47.70     49.57     52.17
         40       100      1000     46.08     49.28     51.10     53.59
         41       100      1000     43.72     50.31     52.17     55.68
         42       100      1000     48.33     51.74     53.49     55.23
         43       100      1000     48.73     52.93     55.07     58.88
         44       100      1000     49.70     53.77     55.81     57.93
         45       100      1000     50.73     54.73     56.96     59.61
         46       100      1000     52.30     56.15     58.07     60.37
         47       100      1000     53.74     57.05     58.85     61.11
         48       100      1000     50.32     58.03     60.11     62.34
         49       100      1000     48.93     58.52     60.57     62.75
         50       100      1000     55.80     60.26     62.50     65.27
         51       100      1000     56.83     61.10     63.48     66.02
         52       100      1000     58.02     62.43     64.56     67.10
         53       100      1000     59.22     63.26     65.76     68.35
         54       100      1000     59.64     64.17     66.38     68.51
         55       100      1000     60.03     65.21     67.72     70.07
         56       100      1000     60.01     66.04     68.49     70.93
         57       100      1000     59.08     66.53     68.71     71.25
         58       100      1000     64.47     68.59     70.61     72.95

============================
Servers/machine = 1
Gather Tree		= Flat
Message Size	= 8KB
============================

#     nodes  size (B)       ops       min       p50       p90       p99
#----------------------------------------------------------------------
          2      8000      1000      6.32      7.01      7.65      8.58
          3      8000      1000      8.05      8.78      9.39     10.36
          4      8000      1000      9.48     10.54     11.14     12.99
          5      8000      1000     11.10     12.35     13.18     14.26
          6      8000      1000     13.30     14.29     15.04     16.79
          7      8000      1000     14.97     16.12     16.87     17.98
          8      8000      1000     16.48     17.90     18.86     20.29
          9      8000      1000     18.11     19.71     20.63     22.23
         10      8000      1000     20.14     21.63     22.72     24.46
         11      8000      1000     21.45     23.33     25.46     28.03
         12      8000      1000     22.85     25.57     29.17     30.91
         13      8000      1000     25.14     28.21     32.72     34.66
         14      8000      1000     26.50     32.06     36.32     38.79
         15      8000      1000     28.76     35.91     40.08     42.71
         16      8000      1000     31.06     39.70     43.49     46.45
         17      8000      1000     33.37     43.31     46.97     48.80
         18      8000      1000     36.88     46.77     51.18     53.77
         19      8000      1000     42.42     50.15     55.13     58.39
         20      8000      1000     45.26     53.49     58.46     62.20
         21      8000      1000     48.83     57.14     62.69     67.36
         22      8000      1000     52.26     61.11     66.80     71.47
         23      8000      1000     56.13     64.49     70.38     75.60
         24      8000      1000     59.93     68.89     73.75     77.04
         25      8000      1000     61.80     71.86     78.19     82.84
         26      8000      1000     67.31     75.09     80.17     85.64
         27      8000      1000     70.05     79.08     85.56     90.46
         28      8000      1000     74.36     82.26     87.92     93.52
         29      8000      1000     76.13     85.93     91.37     96.93
         30      8000      1000     79.15     90.39     96.66    100.83
         31      8000      1000     83.86     93.71     99.42    104.34
         32      8000      1000     87.16     98.44    105.35    111.75
         33      8000      1000     88.90    102.05    107.81    113.49
         34      8000      1000     95.30    106.61    114.34    121.23
         35      8000      1000     98.21    109.92    115.88    124.00
         36      8000      1000     99.91    114.01    122.05    130.03
         37      8000      1000    103.20    117.00    124.96    132.58
         38      8000      1000    107.70    121.29    129.59    137.00
         39      8000      1000    111.34    124.60    132.97    141.53
         40      8000      1000    114.29    126.27    133.13    139.84
         41      8000      1000    117.88    132.47    140.72    147.31
         42      8000      1000    119.08    134.36    142.57    151.99
         43      8000      1000    122.81    138.40    147.45    155.09
         44      8000      1000    126.93    142.13    151.54    159.56
         45      8000      1000    130.20    146.46    156.02    164.01
         46      8000      1000    132.04    150.44    160.64    170.92
         47      8000      1000    136.70    154.74    164.80    172.96
         48      8000      1000    137.34    157.83    168.85    179.00
         49      8000      1000    142.72    161.18    172.43    181.88
         50      8000      1000    144.37    165.92    177.37    187.27
         51      8000      1000    152.81    170.55    180.68    191.55
         52      8000      1000    154.92    172.92    184.40    193.81
         53      8000      1000    155.27    177.73    187.80    196.48
         54      8000      1000    160.25    181.12    193.91    204.91
         55      8000      1000    166.83    184.33    194.47    203.74
         56      8000      1000    167.29    189.84    203.02    215.79
         57      8000      1000    170.81    191.29    202.00    214.68
         58      8000      1000    176.19    200.30    212.22    223.19

============================
Servers/machine = 1
Gather Tree		= Flat
Message Size	= 32KB
============================

#     nodes  size (B)       ops       min       p50       p90       p99
#----------------------------------------------------------------------
          2     32000      1000     11.94     13.72     14.93     16.11
          3     32000      1000     14.96     17.60     19.13     20.48
          4     32000      1000     18.33     22.16     23.96     25.59
          5     32000      1000     22.32     26.72     28.63     30.64
          6     32000      1000     26.29     31.23     33.55     36.25
          7     32000      1000     30.15     35.81     37.92     40.24
          8     32000      1000     34.43     40.52     42.95     45.43
          9     32000      1000     39.72     45.71     48.34     51.96
         10     32000      1000     42.87     49.67     52.61     55.85
         11     32000      1000     47.80     54.26     57.35     60.23
         12     32000      1000     52.46     59.66     63.29     68.93
         13     32000      1000     56.97     64.17     67.20     70.59
         14     32000      1000     60.44     70.38     76.27     83.54
         15     32000      1000     67.98     75.32     80.86     87.28
         16     32000      1000     71.59     81.62     88.32     97.15
         17     32000      1000     75.96     83.68     87.15     90.21
         18     32000      1000     80.46     93.08    100.55    109.70
         19     32000      1000     85.53     99.72    107.80    115.42
         20     32000      1000     90.37    106.68    115.66    127.37
         21     32000      1000    101.00    116.83    126.15    140.86
         22     32000      1000    103.18    124.84    140.59    154.12
         23     32000      1000    111.80    132.06    142.90    155.81
         24     32000      1000    114.31    140.29    151.17    163.57
         25     32000      1000    130.91    147.10    161.30    173.15
         26     32000      1000    133.65    156.19    168.99    189.07
         27     32000      1000    143.52    164.27    176.38    190.93
         28     32000      1000    147.96    174.80    189.19    205.61
         29     32000      1000    157.79    180.95    197.11    215.44
         30     32000      1000    162.80    192.88    207.09    227.14
         31     32000      1000    173.29    206.73    237.05    255.36
         32     32000      1000    184.49    214.91    249.89    268.16
         33     32000      1000    197.38    217.66    253.09    266.11
         34     32000      1000    200.23    240.38    272.07    290.42
         35     32000      1000    211.87    237.07    256.92    275.03
         36     32000      1000    215.54    248.37    270.26    293.41
         37     32000      1000    225.26    253.60    276.15    305.94
         38     32000      1000    234.23    274.21    328.78    351.24
         39     32000      1000    246.11    288.82    327.40    356.59
         40     32000      1000    252.51    285.98    310.53    341.16
         41     32000      1000    263.00    290.58    313.02    335.09
         42     32000      1000    270.05    314.46    376.19    394.09
         43     32000      1000    276.53    309.82    335.52    360.47
         44     32000      1000    283.29    328.20    396.58    422.31
         45     32000      1000    298.05    341.31    398.79    436.92
         46     32000      1000    309.59    354.99    427.07    466.66
         47     32000      1000    327.33    366.61    430.85    460.86
         48     32000      1000    331.49    365.23    395.04    421.92
         49     32000      1000    328.76    375.21    462.10    494.66
         50     32000      1000    345.30    382.84    416.94    454.74
         51     32000      1000    350.31    398.62    499.81    528.54
         52     32000      1000    363.19    404.34    443.87    468.60
         53     32000      1000    377.34    415.04    448.09    493.92
         54     32000      1000    382.59    439.96    526.41    560.08
         55     32000      1000    399.62    453.82    540.00   1230.97
         56     32000      1000    397.20    460.11    564.32    613.87
         57     32000      1000    422.70    453.81    491.95    530.69
         58     32000      1000    427.92    466.99    510.05    559.23

============================
Servers/machine = 1
Gather Tree		= Flat
Message Size	= 40KB
============================

#     nodes  size (B)       ops       min       p50       p90       p99
#----------------------------------------------------------------------
          2     40000      1000     12.45     14.40     15.56     16.63
          3     40000      1000     16.28     19.01     20.71     22.93
          4     40000      1000     20.74     23.87     25.88     27.98
          5     40000      1000     24.78     29.01     31.17     33.85
          6     40000      1000     29.76     34.30     36.35     38.74
          7     40000      1000     34.69     39.66     42.02     44.48
          8     40000      1000     38.66     44.04     46.44     49.23
          9     40000      1000     43.97     50.33     52.93     55.76
         10     40000      1000     50.06     55.15     58.01     61.41
         11     40000      1000     54.06     59.59     62.88     65.97
         12     40000      1000     60.44     66.54     70.56     75.94
         13     40000      1000     65.04     71.77     75.08     78.05
         14     40000      1000     69.03     78.24     84.45     91.20
         15     40000      1000     74.40     83.65     90.10     97.20
         16     40000      1000     79.00     91.08     98.27    106.24
         17     40000      1000     83.73     93.20     96.81     99.82
         18     40000      1000     90.87    105.75    113.58    125.28
         19     40000      1000     98.77    112.43    120.20    130.17
         20     40000      1000    105.64    123.73    135.20    151.23
         21     40000      1000    111.39    128.08    136.16    145.64
         22     40000      1000    116.81    139.59    151.57    171.04
         23     40000      1000    131.06    148.99    160.88    174.18
         24     40000      1000    133.52    157.56    172.53    190.16
         25     40000      1000    143.98    163.25    174.53    184.17
         26     40000      1000    151.09    182.82    208.57    225.91
         27     40000      1000    163.00    188.68    203.10    221.46
         28     40000      1000    169.95    207.21    228.34    247.61
         29     40000      1000    182.13    214.10    237.04    268.61
         30     40000      1000    191.42    227.41    252.77    280.32
         31     40000      1000    197.24    229.30    246.72    265.87
         32     40000      1000    210.27    239.67    258.26    279.81
         33     40000      1000    224.43    251.96    291.80    309.50
         34     40000      1000    232.92    265.19    287.20    313.17
         35     40000      1000    243.50    279.75    329.71    358.65
         36     40000      1000    243.02    295.74    328.87    353.31
         37     40000      1000    264.57    291.40    312.66    333.48
         38     40000      1000    270.57    312.93    371.19    390.23
         39     40000      1000    285.26    318.60    342.56    364.50
         40     40000      1000    290.55    335.29    402.18    433.85
         41     40000      1000    312.89    336.21    360.76    380.75
         42     40000      1000    313.08    351.51    377.25    406.11
         43     40000      1000    319.87    363.64    391.78    418.18
         44     40000      1000    335.87    377.85    405.87    437.64
         45     40000      1000    356.49    393.81    472.41    515.07
         46     40000      1000    365.78    403.21    433.95    465.32
         47     40000      1000    370.51    413.28    443.63    471.05
         48     40000      1000    357.77    441.18    506.62    533.92
         49     40000      1000    407.50    437.70    469.12    494.48
         50     40000      1000    405.41    465.11    534.88    566.68
         51     40000      1000    409.31    484.30    554.68    580.29
         52     40000      1000    430.04    470.51    505.01    538.12
         53     40000      1000    434.08    479.81    514.30    688.88
         54     40000      1000    454.55    497.09    533.02    580.72
         55     40000      1000    467.04    508.75    549.76    591.63
         56     40000      1000    472.09    520.80    562.58    610.46
         57     40000      1000    487.17    549.85    639.50    683.88
         58     40000      1000    501.19    543.94    589.69    643.07
