# Generated by 'clusterperf.py echoWorkload'
#
#   Size   Samples       Min    Median       90%       99%     99.9%       Max
#-----------------------------------------------------------------------------
      53      2254       4.9       9.2      11.2      14.7     134.7    1470.4
      56      2364       4.9       9.5      11.2      19.7     102.2     192.4
      60      2339       4.9       9.5      11.3      18.2     182.9     238.9
      64      2356       4.9       9.3      11.1      18.1      63.3     181.0
      68      2257       4.9       9.3      11.2      23.1     105.1     249.0
      72      2278       4.9       9.5      11.2      22.7     187.3     289.6
      77      2260       5.0       9.4      11.1      17.5      68.9     102.3
      81      2406       5.0       9.4      11.2      20.1     153.0     217.4
      87      2400       4.9       9.5      11.2      17.1     120.6     172.6
      92      2314       5.1       9.3      11.1      14.4      60.6     216.8
     100      2319       5.2       9.6      11.3      20.5     153.9     246.2
     109      2316       5.3       9.4      11.2      18.2     187.9     251.1
     119      2370       5.3       9.4      11.2      17.2     109.0     260.8
     130      2385       5.4       9.4      11.2      15.2     212.1     265.4
     141      2342       5.4       9.6      11.2      15.6     116.1     213.7
     154      2374       5.5       9.5      11.2      14.9     215.7     255.9
     168      2319       5.5       9.4      11.2      18.3     219.4     251.7
     183      2365       5.6       9.5      11.2      20.9     210.2     224.9
     199      2280       5.7       9.7      11.3      20.9     160.2     295.1
     217      2311       5.8       9.6      11.2      15.6     175.3     450.2
     222      8134       5.7       9.6      11.3      19.9     151.3     246.3
     227      8247       5.7       9.6      11.3      17.4     133.1     256.1
     232      8202       5.8       9.6      11.3      18.7     113.0     237.6
     237      8288       5.8       9.6      11.3      18.6     135.8     256.2
     243      8108       5.8       9.7      11.3      19.2     103.2     222.1
     248      8172       5.8       9.6      11.3      18.9     180.4     252.5
     254      8149       5.8       9.7      11.3      19.3     171.9     254.7
     259      8137       5.9       9.6      11.3      15.9      65.7     257.6
     265      8300       5.9       9.7      11.3      16.4     122.0     232.6
     271      8089       5.9       9.7      11.3      16.3     131.9     286.1
     274      3538       6.0       9.7      11.3      16.8     175.4     258.4
     277      3495       6.0       9.7      11.2      17.1     129.2    1870.8
     279      3385       6.0       9.7      11.3      19.7     104.0     202.9
     282      3535       6.0       9.7      11.3      17.3      45.1      95.2
     285      3598       6.0       9.7      11.3      19.7     202.0     243.3
     288      3448       6.1       9.7      11.4      20.9     122.5     260.9
     291      3513       6.1       9.7      11.4      20.6     174.9     903.3
     294      3547       6.0       9.7      11.4      20.0     204.1     256.1
     297      3581       6.0       9.7      11.4      19.2     167.1     258.4
     300      3440       6.1       9.7      11.3      20.4     162.6     254.7
     303     26643       6.1       9.7      11.4      18.4     173.4     270.8
     305     27153       6.0       9.7      11.4      18.8     162.8     338.6
     308     26940       6.0       9.7      11.4      19.4     184.5     424.6
     310     26838       6.1       9.7      11.4      18.0     149.0    1249.9
     313     27182       6.0       9.7      11.4      18.2     150.0     348.9
     315     27007       6.1       9.7      11.4      17.4     163.2     682.0
     318     27139       6.1       9.7      11.4      19.6     131.9     303.7
     321     27038       6.1       9.7      11.4      18.8     159.6     289.7
     323     26809       6.1       9.7      11.4      19.1     162.7     270.2
     326     26954       6.1       9.8      11.4      18.8     149.7     258.3
     331     20713       6.2       9.8      11.5      17.9     161.5     396.5
     335     20415       6.2       9.8      11.5      19.9     152.9    1282.3
     340     20600       6.2       9.8      11.5      18.5     146.3     253.4
     345     20575       6.2       9.8      11.6      18.8     155.7     260.6
     350     20695       6.2       9.9      11.6      18.3     169.7     257.7
     355     20673       6.3       9.9      11.6      19.3     156.5     261.9
     360     20484       6.3      10.0      11.7      19.3     162.6     315.6
     365     20627       6.3      10.0      11.7      20.3     136.8     871.7
     371     20286       6.3      10.0      11.7      18.9     168.1     382.9
     376     20467       6.3      10.0      11.7      17.8     149.8     256.6
     381      6470       6.4      10.1      11.8      19.5     203.7     248.2
     385      6398       6.4      10.1      11.8      17.1     105.7     249.0
     390      6432       6.4      10.1      11.8      17.9     141.0     247.6
     395      6395       6.5      10.1      11.8      17.3     235.7     473.8
     400      6384       6.5      10.2      11.8      17.8     142.0     258.6
     405      6480       6.5      10.2      11.8      18.2      99.5     241.3
     410      6367       6.5      10.2      11.8      18.4     182.0     256.5
     415      6456       6.6      10.2      11.9      20.2     138.5     252.8
     420      6308       6.6      10.2      11.9      19.8     218.9     289.5
     425      6459       6.6      10.2      11.8      17.7     157.3    1705.7
     430     13009       6.6      10.2      11.9      20.6     202.9    2593.6
     435     12831       6.6      10.2      11.9      21.1     132.4     263.2
     441     12943       6.6      10.2      11.9      18.1      99.1     254.4
     446     12974       6.6      10.2      11.9      19.8     173.2     254.6
     452     13042       6.7      10.3      11.9      18.3     126.6     250.9
     457     13044       6.7      10.2      11.9      19.9     198.6    1325.2
     463     12962       6.7      10.3      11.9      21.6     156.6     264.9
     468     12990       6.8      10.2      11.9      20.4     173.8     565.2
     474     12956       6.8      10.3      11.9      19.8     184.1     252.5
     480     12897       6.8      10.3      11.9      19.8     163.2     263.8
     491     61437       6.8      10.3      11.9      18.3     145.0     336.4
     502     61216       6.8      10.3      12.0      19.8     130.1     462.8
     513     61354       7.0      10.4      12.0      20.2     157.7    1025.0
     525     61478       7.0      10.4      12.0      19.2     136.7     303.2
     537     61758       7.0      10.4      12.0      19.5     152.0     454.9
     549     61393       7.1      10.4      12.0      19.7     129.2    3212.6
     561     61393       7.1      10.4      12.0      19.5     136.7    1092.2
     574     61691       7.2      10.4      12.0      19.3     138.6    2191.4
     587     61302       7.2      10.4      12.0      19.8     170.5     319.4
     600     61685       7.3      10.4      12.0      20.0     148.0    2378.0
     607     18244       7.4      10.5      12.1      19.6     156.8     255.2
     615     18048       7.4      10.5      12.0      20.2     184.3     270.6
     623     18148       7.4      10.5      12.1      19.8     130.0     274.2
     630     18128       7.5      10.5      12.1      19.5     149.7     525.7
     638     18151       7.5      10.5      12.1      18.3     187.6     253.5
     646     18100       7.5      10.5      12.1      20.4     180.8     286.0
     654     18462       7.6      10.5      12.1      20.3      87.2     260.2
     662     18048       7.6      10.5      12.1      19.1     104.8     248.0
     671     18164       7.6      10.5      12.1      20.4     114.5     651.2
     679     18066       7.6      10.5      12.1      20.7     172.5    1061.7
     685     11039       7.7      10.5      12.1      19.1     148.6     364.8
     690     11079       7.8      10.5      12.1      20.2     137.6     256.9
     696     11159       7.7      10.5      12.1      20.1      75.4     262.7
     702     10998       7.8      10.5      12.0      18.3     168.4     253.4
     707     11076       7.8      10.5      12.1      21.2     204.7    2935.2
     713     11149       7.8      10.5      12.1      20.0     176.4    3035.3
     719     11276       7.9      10.6      12.1      20.9     115.0    1871.1
     725     11293       7.9      10.6      12.1      19.8     114.1     259.0
     731     11177       7.9      10.6      12.1      21.7     151.4     256.1
     737     10986       7.9      10.6      12.2      21.4     177.4     259.1
     743      7581       8.0      10.6      12.1      17.0     165.2     249.8
     749      7632       8.0      10.6      12.1      19.5     121.0     220.8
     755      7700       8.1      10.6      12.1      18.2     127.7     261.3
     762      7621       8.0      10.6      12.2      21.8     116.7     253.9
     768      7566       8.1      10.6      12.2      20.3     139.9     265.7
     774      7539       8.1      10.6      12.2      20.3     192.2     258.3
     781      7646       8.1      10.6      12.2      23.1     185.6     237.2
     787      7602       8.1      10.6      12.2      19.5     136.5     230.9
     793      7440       8.1      10.6      12.2      22.0     178.1    2965.8
     800      7734       8.2      10.7      12.2      24.1     198.8    1657.9
     808      4791       8.3      10.6      12.2      19.3     117.4     250.5
     816      4638       8.3      10.6      12.2      21.7      89.5     231.3
     825      4694       8.3      10.7      12.2      21.9     155.1    1515.7
     833      4949       8.3      10.7      12.2      18.4     102.0     260.3
     841      4696       8.4      10.7      12.2      17.5     165.1    1439.0
     850      4756       8.4      10.7      12.2      20.9     235.7     263.7
     859      4695       8.5      10.7      12.3      20.0     194.0     251.4
     867      4734       8.5      10.8      12.3      20.0     189.7     260.3
     876      4714       8.6      10.8      12.3      19.4     111.4     249.2
     885      4724       8.6      10.8      12.2      20.1      73.7     182.3
     900      5909       8.6      10.8      12.3      17.8     151.1     251.8
     914      5841       8.7      10.9      12.4      21.5     147.3     252.2
     929      5813       8.7      10.9      12.4      21.2     176.4     209.0
     945      5794       8.8      10.9      12.4      22.1     182.8     255.2
     960      5935       8.8      11.0      12.4      20.3     185.8     240.2
     976      5833       8.9      11.0      12.4      19.7     246.8     253.3
     992      5811       9.1      11.0      12.4      17.8     111.5     241.7
    1009      5906       9.1      11.1      12.6      21.5     160.7     252.7
    1025      5872       9.2      11.1      12.6      21.8     124.5     240.1
    1042      5836       9.3      11.2      12.6      24.1     191.8    1626.9
    1063      5821       9.3      11.2      12.6      23.7     144.8     249.8
    1085      5757       9.4      11.3      12.6      22.7     141.3     256.4
    1108      5844       9.5      11.3      12.7      20.9     200.4     254.4
    1130      5782       9.5      11.4      12.8      22.5     151.8     255.8
    1154      5861       9.7      11.5      12.8      21.1     112.4     255.8
    1177      5945       9.8      11.5      12.8      21.3      93.5     250.0
    1201      5717       9.9      11.6      12.9      18.9      63.6     205.4
    1226      5752      10.0      11.7      13.1      22.0     165.2     260.6
    1251      5755      10.1      11.8      13.1      19.8     196.9     258.1
    1277      5878      10.2      11.8      13.2      23.0     218.3     254.5
    1290      3539      10.3      11.9      13.2      19.8      90.3     253.4
    1303      3598      10.3      12.0      13.2      21.1     209.0     256.7
    1316      3558      10.4      12.0      13.3      23.9     208.1     272.2
    1330      3551      10.4      12.0      13.2      22.1     159.1     212.8
    1343      3533      10.5      12.1      13.3      22.7     221.6     946.2
    1357      3581      10.6      12.1      13.4      23.0      53.0     163.2
    1371      3524      10.6      12.2      13.4      21.8     172.8     215.3
    1385      3607      10.7      12.2      13.4      23.2      89.5     209.9
    1399      3538      10.7      12.2      13.4      18.2      49.6     213.4
    1413      3528      10.8      12.3      13.5      22.9     186.0     223.1
    1425      2275      10.8      12.3      13.5      21.7     102.5     215.5
    1436      2376      10.8      12.3      13.6      18.2      49.6     263.0
    1448      2312      10.9      12.4      13.7      22.7     150.6     252.5
    1460      2346      11.4      13.3      14.7      21.3      87.3     839.9
    1472      2383      11.6      13.9      15.4      22.8     206.5     232.8
    1484      2303      11.7      13.7      15.2      28.6     193.1     214.5
    1497      2295      11.7      13.7      15.3      26.1     142.9     262.1
    1509      2359      11.7      13.7      15.2      19.1      59.5     164.3
    1521      2356      11.6      13.8      15.4      28.3     241.2     260.8
    1534      2358      11.6      13.8      15.5      25.8     189.1     263.3
    1547      6617      11.7      13.8      15.5      27.1     188.1     264.6
    1559      6527      11.6      13.8      15.4      25.7     123.6     260.6
    1572      6449      11.6      13.8      15.4      24.2     247.3     265.0
    1585      6419      11.6      13.8      15.5      23.1     183.1     256.1
    1598      6630      11.6      13.8      15.4      23.4     125.7     254.5
    1611      6443      11.7      13.8      15.5      25.4     186.5     266.1
    1624      6398      11.6      13.8      15.4      23.8     110.1     256.5
    1637      6636      11.6      13.8      15.4      24.4     167.4     233.2
    1651      6452      11.6      13.8      15.4      22.9      87.5     221.9
    1664      6530      11.6      13.8      15.4      23.7     137.1     208.6
    1712      2294      11.7      13.8      15.5      22.0      52.3     198.3
    1762      2288      11.7      13.9      15.5      27.2     236.4     263.2
    1813      2406      11.8      14.3      16.7      21.8     216.9     356.8
    1865      2373      11.9      15.0      17.2      24.2     150.3     225.4
    1919      2283      12.1      15.1      17.3      25.6     255.8     260.8
    1975      2332      12.1      15.2      17.3      28.6     223.3     243.7
    2032      2294      12.1      14.5      16.5      22.9      91.3     163.8
    2091      2270      12.1      14.3      15.9      23.7     128.8     258.9
    2152      2277      12.1      14.3      16.0      24.5      95.9     203.4
    2214      2341      12.1      14.3      15.9      26.3     175.1     264.4
    2311      2887      12.2      14.3      15.9      22.3     171.4     266.3
    2412      2960      12.4      14.4      16.0      21.8     161.7     196.6
    2517      2908      12.6      14.4      16.1      24.1     241.4     251.1
    2627      2841      12.8      14.6      16.3      23.5     123.0     221.4
    2742      2921      13.0      14.7      16.3      21.2      78.4     214.1
    2862      2917      13.3      14.9      16.6      24.5     141.1     258.1
    2987      2922      13.9      15.9      17.6      22.8      49.4     132.4
    3118      2978      13.8      15.9      17.7      30.3     256.8     264.2
    3254      2969      13.9      16.1      18.0      27.7     159.7     256.0
    3396      3025      14.3      17.0      19.2      30.8     186.2     260.4
    3544      2899      14.1      16.9      18.8      28.8     157.6     254.2
    3699      2937      14.4      17.0      18.9      29.3     213.9     266.4
    3861      2967      14.8      17.2      19.0      31.1     180.1     302.4
    4030      3003      15.1      17.4      19.0      28.3     244.5     268.4
    4206      2972      15.5      17.6      19.2      31.0     220.0     245.6
    4390      2874      15.9      17.9      19.4      26.1     165.9     255.5
    4582      2844      16.4      18.6      20.2      31.4     207.9     265.1
    4783      2957      16.6      19.1      20.9      28.6     232.8     270.8
    4992      2899      16.7      19.2      20.8      33.6     249.0     274.9
    5210      2934      17.1      19.3      20.9      28.0     172.0     344.6
    5427      4654      17.5      19.5      21.1      32.9     115.7     273.9
    5652      4651      18.0      19.8      21.4      34.4     202.0     267.6
    5887      4700      19.0      21.2      22.8      34.2     174.3     207.8
    6132      4754      18.9      21.1      22.7      34.5     109.1     251.2
    6387      4659      19.2      21.9      23.6      37.6     228.0     428.1
    6653      4719      19.5      21.8      23.5      35.8     184.2     275.0
    6929      4739      20.0      22.2      23.8      35.1     227.5     266.3
    7217      4652      20.6      22.5      24.1      35.7     231.4     272.8
    7517      4650      21.4      23.5      25.1      35.8     187.3     265.1
    7830      4611      21.6      24.3      26.0      37.3     200.3     268.0
    9012      4101      23.8      40.6      42.9      50.6     126.8     271.0
   10373      4160      28.5      43.7      45.8      57.9     250.5     309.0
   11939      4077      30.9      46.7      48.6      62.7     288.6    1855.5
   13741      4119      33.5      49.9      52.3      63.4     147.8     300.3
   15816      4025      37.1      52.4      54.6      69.4     295.2     303.8
   18203      4006      41.0      59.9      62.8      78.2     295.0     313.7
   20952      4095      46.2      67.7      71.1      86.5     295.8     321.2
   24115      4187      51.4      74.2      77.7      95.1     311.4     326.1
   27756      4089      57.9      84.4      88.5     113.8     300.2     332.9
   31946      4093      65.2      94.1      98.8     126.2     339.9     361.2
   32405      2984      66.7      95.9     100.8     129.6     336.5     343.1
   32871      2962      67.2      96.6     101.5     127.6     347.6     371.1
   33343      2922      67.7      97.0     101.8     136.4     354.9     369.7
   33822      2975      69.0      99.1     104.6     131.3     199.7     343.3
   34308      2954      69.7     100.3     105.2     135.7     349.4     356.1
   34801      2917      70.4     100.3     105.4     135.8     317.0     349.8
   35301      2830      71.9     103.1     108.7     143.5     328.8     340.2
   35808      2941      72.0     104.4     110.3     143.0     349.5     363.1
   36322      2951      73.1     105.5     111.8     152.0     361.6     827.7
   36844      2961      74.6     108.2     113.8     150.1     359.0     403.7
   37146      2885      74.7     108.9     115.1     156.5     345.7     516.2
   37450      2881      74.8     109.1     115.4     151.9     338.0     363.2
   37756      3019      75.3     109.7     117.2     156.9     301.1     368.3
   38065      2874      76.3     110.2     116.9     157.8     359.5     362.6
   38377      2922      77.0     111.7     118.4     154.6     356.5     371.6
   38691      2852      77.3     112.7     118.8     159.6     362.3     396.1
   39007      2938      77.5     112.7     119.5     158.6     355.2     366.1
   39327      2863      78.2     113.1     119.5     153.4     370.5     460.5
   39648      2899      78.9     113.6     120.1     161.5     369.0     372.7
   39973      2948      79.6     115.0     121.7     168.2     343.4     368.9
   40382      6028      79.8     115.6     122.3     164.5     356.9     367.9
   40796      5797      80.7     116.0     123.5     163.4     344.0     371.2
   41214      5821      82.8     118.6     125.9     165.7     365.4    2595.3
   41636      5900      83.2     119.3     126.2     177.8     387.1    6132.6
   42062      5787      83.8     119.5     126.7     168.9     351.5     410.1
   42493      5766      84.6     119.9     126.5     173.2     365.0     617.6
   42928      5797      85.3     122.2     130.1     179.3     372.3     498.8
   43367      5787      85.4     122.9     131.0     168.9     294.8     372.2
   43811      6013      86.1     123.0     133.0     178.2     365.4     415.2
   44260      5858      87.0     125.3     133.1     182.3     348.7     407.3
   44531      6449      87.6     126.2     134.6     177.8     369.1     425.6
   44804      6505      87.4     126.6     135.5     189.3     375.7     556.8
   45079      6444      88.0     127.0     135.1     175.4     370.4     451.4
   45356      6493      88.9     127.5     136.2     181.7     384.6     414.5
   45634      6402      89.8     129.8     138.9     182.1     376.1     410.8
   45913      6315      90.0     130.4     138.8     179.7     373.2     580.0
   46195      6231      90.5     131.2     140.2     188.4     388.4     402.4
   46478      6383      90.5     131.3     140.7     185.4     364.6     408.0
   46763      6491      91.3     131.8     141.4     187.5     383.4     395.3
   47050      6381      92.4     133.7     144.5     197.2     387.4    2181.7
   47435     11571      92.6     134.4     143.7     193.8     384.7    1346.7
   47823     11654      93.0     134.6     144.3     190.6     384.8     505.3
   48215     11834      93.6     135.3     145.4     194.4     383.9     634.3
   48609     11712      95.1     136.8     147.1     193.3     387.0    1580.3
   49007     11745      95.2     137.6     147.0     193.1     379.2     451.9
   49408     11795      95.5     137.7     148.9     195.9     385.7     413.6
   49813     11716      96.3     138.4     149.1     204.9     389.1     489.7
   50221     11575      97.6     140.0     151.4     201.8     389.7     600.0
   50632     11649      98.0     140.5     151.6     206.3     397.9     463.4
   51046     11791      99.0     141.0     152.3     212.8     383.9     418.6
   52097      2371     101.1     143.9     154.5     200.8     442.1     636.5
   53169      2283     103.5     147.5     158.9     208.1     397.4     405.6
   54264      2354     105.4     149.6     162.1     225.5     398.6     425.5
   55381      2321     107.0     153.2     167.2     222.9     402.5     437.6
   56521      2269     108.7     156.5     170.3     232.1     401.0     412.5
   57684      2215     110.6     159.1     173.4     241.6     416.0     441.4
   58872      2273     113.6     161.9     174.4     237.4     396.1     420.9
   60084      2356     115.3     163.4     178.1     240.2     453.5     463.6
   61321      2376     117.5     166.7     182.6     245.4     451.3     452.8
   62583      2309     119.4     170.3     186.3     246.0     412.2     421.6
   63353      2763     121.2     173.7     188.6     258.1     420.3     528.7
   64132      2994     122.2     174.7     190.4     264.8     435.7     451.9
   64921      2974     124.2     177.4     193.5     266.5     474.6     734.8
   65720      2939     125.1     178.6     197.0     272.6     482.9     715.3
   66528      2938     126.8     181.0     196.7     262.6     437.9     736.3
   67347      2973     128.0     181.9     198.6     297.1     438.3     474.9
   68175      2920     129.2     184.6     201.8     271.0     434.0     444.4
   69014      2923     131.1     185.6     202.9     270.8     459.9     463.7
   69863      2967     132.1     188.3     210.9     289.2     519.7     633.6
   70722      2966     134.5     191.9     210.5     281.0     434.1     755.7
   71156      3000     134.6     193.1     211.8     285.9     443.9     482.3
   71592      3016     135.6     193.2     212.5     292.8     449.6     458.4
   72031      3011     137.6     195.9     214.7     299.0     442.3     498.4
   72473      3003     137.3     196.1     216.0     294.7     464.8     534.8
   72917      2935     137.9     196.4     215.8     292.1     460.4     524.8
   73364      2932     138.6     197.6     218.0     293.9     447.2     527.6
   73814      2975     139.6     199.4     217.9     307.3     458.1     464.2
   74266      2874     140.4     200.4     223.3     300.5     447.0     507.9
   74722      2985     141.0     201.3     222.4     300.9     446.4     513.1
   75180      2928     142.4     203.9     223.5     309.5     455.2     468.6
   75795      9318     142.6     205.1     225.4     314.6     464.6     633.0
   76416      9379     144.0     206.2     227.1     308.3     461.3     512.8
   77041      9290     144.6     208.1     229.8     314.5     460.8    1057.0
   77672      9277     146.3     208.7     229.5     307.0     466.3     638.4
   78307      9328     147.6     211.2     233.2     315.9     469.8     521.0
   78948      9293     148.2     211.7     233.4     317.4     476.1     589.7
   79595      9379     149.9     214.5     236.2     330.1     466.6     558.5
   80246      9312     150.3     215.8     239.2     324.9     477.8     550.3
   80903      9428     152.5     218.7     239.7     335.5     471.5    3270.8
   81565      9525     152.9     219.8     241.0     333.1     481.8     637.1
   83414      5363     156.3     224.5     249.5     346.4     480.9     528.0
   85305      5274     160.4     229.2     253.6     353.1     497.6     622.7
   87238      5283     162.9     233.6     261.3     367.1     499.8     533.1
   89216      5175     167.0     238.8     265.5     388.4     511.4     643.6
   91238      5319     170.4     244.4     273.9     390.9     536.9     583.1
   93306      5293     173.7     249.1     279.4     394.0     511.1    7137.3
   95421      5189     177.8     253.1     285.3     419.2     525.0     689.8
   97584      5336     181.3     259.4     293.4     431.2     555.5     738.8
   99796      5381     185.6     264.8     296.7     421.1     553.8     632.6
  102058      5225     188.4     271.0     304.6     447.9     576.3     642.4
  103313      2874     192.7     274.3     309.4     445.0     536.7     596.6
  104584      2965     194.5     276.9     313.2     466.6     602.2     649.3
  105871      2914     196.7     280.8     324.8     465.7     581.8    1558.9
  107173      2866     198.8     282.9     325.2     462.7     687.8     719.9
  108492      2939     202.6     286.4     333.0     479.9     665.4    1074.6
  109826      2917     205.2     290.1     337.1     481.8     596.6     612.6
  111177      2902     207.0     293.5     342.8     503.6     660.9     799.4
  112545      3018     209.5     296.5     351.3     505.2     665.2     767.2
  113929      2915     211.7     299.2     352.1     523.4     636.8     766.9
  115331      2936     214.0     303.6     355.5     496.6     698.5    2009.0
  116988      2918     217.6     307.6     366.9     538.5     698.4     833.4
  118669      2896     220.5     311.7     372.8     544.7     691.6     916.0
  120373      2840     222.7     315.5     372.8     542.2     684.9     774.8
  122103      2866     226.8     321.5     390.6     550.1     624.1     646.5
  123857      2846     230.2     325.5     391.2     570.2     714.5     796.1
  125636      2872     232.5     330.0     391.9     575.8     684.4     706.1
  127441      2868     235.6     332.9     400.0     587.2     732.7     782.0
  129272      2910     239.2     337.8     401.8     571.1     660.3     832.7
  131129      2794     242.4     342.8     412.2     580.1     720.5     878.3
  133013      2842     245.8     347.0     419.2     602.0     768.7    2103.7
  135199      3053     249.0     351.6     423.5     610.5     750.1    3132.9
  137421      2806     253.4     358.4     431.1     607.8     776.8     807.2
  139679      3014     258.5     363.8     435.6     620.7     821.5    2088.9
  141975      2893     261.5     368.8     442.1     617.4     742.7     829.8
  144308      3016     266.4     375.6     457.5     656.2     836.6    1017.2
  146680      2989     269.8     380.4     468.3     678.6     829.1    2297.2
  149091      2889     274.3     387.5     478.5     691.3     948.9    1083.2
  151541      2896     279.2     395.9     486.1     680.1     924.7    1015.4
  154032      2965     282.8     400.9     499.1     680.6     814.4     950.1
  156563      2950     287.2     408.5     499.8     702.2     900.4    1007.0
  159136      2853     292.0     415.9     513.5     725.6     932.7    2301.9
  161752      2880     297.0     422.8     521.9     710.9     871.1     936.4
  164410      2922     301.2     428.9     529.5     734.2     875.5     900.1
  167112      2906     305.4     436.1     554.8     735.9     864.1     994.9
  169859      2924     310.3     443.3     552.0     763.0     859.4     983.9
  172651      2953     316.0     450.6     561.5     785.2     925.2     975.5
  175488      2935     320.7     458.9     570.0     759.3     924.6    1076.6
  178373      2940     325.8     464.4     579.3     789.8     959.6    2844.5
  181304      2923     331.5     472.3     589.0     800.9    1042.0    1161.1
  184284      2863     336.8     481.1     605.6     804.7     975.5    1052.7
  186932      2920     340.3     487.0     610.1     840.1     984.8    1161.3
  189618      2965     345.4     491.5     624.9     826.6     968.1    1085.8
  192343      2936     350.6     499.0     621.7     854.2    1116.6    1400.8
  195107      2794     354.9     508.0     635.5     861.0    1005.9    1172.5
  197911      2982     359.1     515.2     657.3     891.2    1075.5    1187.7
  200755      2878     364.3     523.5     643.9     872.1    1070.5    1134.7
  203640      2823     370.6     528.4     666.1     915.1    1074.7    1168.6
  206566      2936     374.0     538.0     686.1     907.2    1185.5    1352.0
  209535      2898     379.0     544.0     673.0     921.0    1180.8    1350.9
  212546      2848     384.4     552.5     706.3     961.8    1289.4    1600.6
  215160      2887     389.5     559.0     715.3     958.7    1154.3    1210.1
  217805      2860     395.9     565.7     716.8     995.4    1459.8    3991.3
  220484      2897     401.2     573.2     743.1    1001.1    1345.3    1598.3
  223195      2963     405.0     579.0     736.4     993.3    1232.6    1267.9
  225940      2945     410.1     585.6     742.7     985.2    1209.4    1236.9
  228718      2976     415.5     594.3     750.5    1003.0    1171.5    1209.4
  231530      2891     420.7     603.1     765.6    1026.0    1210.9    1451.3
  234377      2916     426.2     610.8     788.5    1094.7    1323.0    1605.5
  237259      2888     431.5     617.3     789.5    1034.1    1352.9    1407.4
  240177      2962     436.3     625.8     796.0    1089.8    1494.7    2795.8
  244622      2896     443.3     636.2     829.4    1117.8    1290.9    1476.5
  249150      2949     452.2     648.2     845.8    1139.5    1333.1    1428.3
  253761      2958     459.3     658.7     852.4    1142.7    1351.7    1397.7
  258458      2890     468.6     670.0     885.2    1219.8    1624.7    2869.3
  263241      2887     476.8     685.1     897.8    1227.9    1401.1    1802.6
  268113      3002     485.0     697.2     901.5    1218.6    1488.4    1654.5
  273075      2969     493.1     711.2     922.0    1237.9    1617.1    1706.0
  278129      2987     501.8     724.5     935.5    1289.2    1929.2    4922.7
  283277      2858     511.1     739.3     977.7    1330.1    1688.6    1968.2
  288520      3039     521.5     752.3     985.8    1362.0    1539.6    1731.2
  302981      2917     547.2     796.6    1057.9    1428.0    1793.5    1861.0
  318166      2955     572.8     844.2    1133.8    1484.3    1801.0    1934.4
  334113      3000     601.6     884.7    1168.6    1591.4    2011.3    2243.7
  350858      2969     632.9     931.1    1259.9    1691.1    2178.7    2252.3
  368444      2971     663.7     982.7    1311.5    1717.8    2410.8    2472.6
  386910      2834     698.3    1037.5    1412.0    1907.0    2328.5    2723.3
  406302      2939     731.3    1089.2    1477.5    2032.0    2475.9    2928.1
  426666      2871     766.2    1150.2    1569.5    2112.0    2515.1    2580.7
  448051      2866     805.6    1214.7    1668.2    2192.6    2682.0    3135.0
  470507      2924     845.7    1280.5    1769.2    2305.8    2757.6    2815.9
  492079      1742     885.1    1354.8    1839.9    2482.3    2864.6    3075.4
  514641      1743     925.7    1411.8    1932.0    2603.9    3165.9    3199.3
  538237      1736     969.1    1491.3    2034.3    2689.6    3520.7    3655.9
  562914      1781    1012.0    1565.1    2140.3    2845.1    3592.0    4402.6
  588723      1736    1057.5    1649.7    2322.7    3043.1    3820.2    3870.0
  615716      1789    1105.8    1721.0    2374.8    3164.4    3697.6    3813.1
  643946      1758    1155.8    1810.4    2501.3    3306.9    4275.6    4428.9
  673470      1733    1210.4    1921.2    2640.2    3510.8    4381.9    4852.3
  704348      1764    1265.9    1985.7    2802.5    3639.7    4388.7    4466.9
  736642      1811    1319.2    2088.6    3021.6    3944.5    4329.7    4505.3
  754877      1139    1358.6    2177.9    3049.4    4181.0    4924.3    4981.0
  773563      1240    1387.0    2229.1    3154.0    4169.7    4947.6    5018.2
  792711      1197    1424.9    2288.8    3307.8    4395.2    5222.5    5472.4
  812333      1192    1456.0    2335.1    3260.8    4399.9    5681.2    5979.4
  832442      1147    1497.2    2386.9    3395.2    4466.8    5196.6    5522.0
  853048      1193    1536.1    2464.7    3566.3    4766.4    5851.8    5867.2
  874164      1137    1566.1    2528.5    3579.2    5016.3    5899.9    5945.3
  895802      1212    1608.0    2641.1    3732.4    4981.7    5522.9    6642.9
  917977      1150    1648.7    2692.7    3784.8    4963.8    6117.3    7252.3
  940700      1202    1688.5    2756.2    3982.4    5520.7    6719.4    7140.1
 1002039      2939    1798.0    2981.8    4351.3    5772.8    7085.2    7914.7
 1067379      3023    1906.3    3210.2    4689.7    6220.2    7847.4    8625.0
 1136978      2877    2035.5    3435.5    4955.9    6576.5    7844.7   13876.7
 1211116      2855    2172.4    3669.9    5399.2    7026.0    9193.4   10472.0
 1290088      2823    2316.4    3938.5    5865.3    7858.1    9494.0   10070.6
 1374210      2957    2495.8    4251.6    6244.3    8532.5   10625.5   11375.3
 1463817      2939    2630.3    4614.6    6675.4    8805.2   10432.6   12999.1
 1559267      2902    2796.0    4916.9    7204.0   10036.5   12876.1   14785.0
 1660940      2941    3035.0    5301.9    7921.4   10989.2   13416.6   17658.9
 1769244      2940    3221.6    5757.5    8628.7   12193.0   15963.0   18205.8
 1805665      1712    3298.9    5886.8    8807.6   12439.0   14839.6   15693.6
 1842837      1743    3406.2    5959.2    9071.0   12472.6   17303.4   17353.9
 1880773      1781    3468.0    6108.2    9007.7   12826.8   14813.5   15196.4
 1919490      1750    3509.5    6371.1    9661.2   13651.2   17213.7   18639.2
 1959005      1781    3536.4    6498.8    9831.9   13635.7   17475.2   19306.3
 1999332      1757    3715.2    6568.4   10118.5   15065.5   20290.5   21806.7
 2040490      1743    3755.0    6780.2   10351.5   14632.4   19107.2   23585.7
 2082496      1782    3831.8    7035.9   10875.3   16413.0   20712.3   23124.9
 2125366      1745    3889.1    7075.3   11096.3   15793.7   21083.5   23492.7
 2169118      1839    3993.9    7378.6   11470.5   17206.7   24184.6   24695.2
 2527289      3879    4692.9    8910.3   13993.8   20297.5   30972.5   38279.7
 2944602      4064    5478.6   10918.1   17206.6   24872.4   32494.9   43974.6
 3430822      4046    6580.6   13432.0   20808.1   31692.5   41617.4   48783.8
 3997329      4143    7444.5   16463.2   27256.6   40234.0   51930.6   63236.4
 4657379      4010    9181.6   20584.7   34998.9   52155.2   70523.4   80013.7
 5426418      4101   10578.5   26841.2   47333.8   70622.4  107066.1  148276.0
 6322443      4111   12891.4   32738.5   60210.8   98936.1  126022.3  140242.4
 7366423      4105   15051.5   39075.9   78776.0  136947.8  210831.1  287314.0
 8582787      4149   17727.3   48868.6  110008.6  216678.9  307766.7  387054.6
10000000      4202   20849.1   67011.9  200623.3  449509.7  612775.2  688207.2
**** client1.ms0807.log:
1487746693.160989633 HomaTransport.cc:1722 in checkTimeouts WARNING[1]: client rpc starved of grant, sequence 4379, grantOffset 8820
1487746710.850376853 HomaTransport.cc:1722 in checkTimeouts WARNING[1]: client rpc starved of grant, sequence 97049, grantOffset 3799950
1487746712.854661530 HomaTransport.cc:1722 in checkTimeouts WARNING[1]: client rpc starved of grant, sequence 107624, grantOffset 186690
1487746714.872818910 HomaTransport.cc:1722 in checkTimeouts WARNING[1]: client rpc starved of grant, sequence 118374, grantOffset 8820
1487746750.918003955 HomaTransport.cc:1722 in checkTimeouts WARNING[1]: client rpc starved of grant, sequence 307637, grantOffset 8820
1487746760.338092707 HomaTransport.cc:1684 in checkTimeouts WARNING[1]: aborting ECHO RPC to server ec:b1:d7:85:7a:63, sequence 356470: timeout
1487746765.229008691 HomaTransport.cc:1722 in checkTimeouts WARNING[1]: client rpc starved of grant, sequence 382843, grantOffset 8820
1487746774.548869578 HomaTransport.cc:1722 in checkTimeouts WARNING[1]: client rpc starved of grant, sequence 431249, grantOffset 8820
1487746777.163216876 HomaTransport.cc:1722 in checkTimeouts WARNING[1]: client rpc starved of grant, sequence 444915, grantOffset 3281040
1487746785.319035930 HomaTransport.cc:1722 in checkTimeouts WARNING[1]: client rpc starved of grant, sequence 487911, grantOffset 5287590
1487746793.206624590 HomaTransport.cc:1722 in checkTimeouts WARNING[1]: client rpc starved of grant, sequence 529104, grantOffset 2820930
1487746812.069993025 HomaTransport.cc:1722 in checkTimeouts WARNING[1]: client rpc starved of grant, sequence 628488, grantOffset 1265670
1487746825.474538243 HomaTransport.cc:1722 in checkTimeouts WARNING[1]: client rpc starved of grant, sequence 699114, grantOffset 2522520
1487746833.427704690 HomaTransport.cc:1722 in checkTimeouts WARNING[1]: client rpc starved of grant, sequence 740441, grantOffset 3492720
1487746842.621385274 HomaTransport.cc:1722 in checkTimeouts WARNING[1]: client rpc starved of grant, sequence 789211, grantOffset 8820
1487746842.675396312 HomaTransport.cc:1684 in checkTimeouts WARNING[1]: aborting ECHO RPC to server ec:b1:d7:85:7a:63, sequence 788938: timeout
1487746876.553979199 HomaTransport.cc:1684 in checkTimeouts WARNING[1]: aborting ECHO RPC to server ec:b1:d7:85:7a:63, sequence 966901: timeout
1487746887.748262167 HomaTransport.cc:1722 in checkTimeouts WARNING[1]: client rpc starved of grant, sequence 1026013, grantOffset 8820
1487746903.737819796 HomaTransport.cc:1722 in checkTimeouts WARNING[1]: client rpc starved of grant, sequence 1110220, grantOffset 8820
1487746903.861844979 HomaTransport.cc:1722 in checkTimeouts WARNING[1]: client rpc starved of grant, sequence 1110813, grantOffset 2277030
1487746915.219840459 HomaTransport.cc:1722 in checkTimeouts WARNING[1]: client rpc starved of grant, sequence 1170325, grantOffset 567420
1487746939.298231483 HomaTransport.cc:1722 in checkTimeouts WARNING[1]: client rpc starved of grant, sequence 1296922, grantOffset 120540
1487746997.417084591 HomaTransport.cc:1722 in checkTimeouts WARNING[1]: client rpc starved of grant, sequence 1602005, grantOffset 8820
1487747021.729435076 HomaTransport.cc:1722 in checkTimeouts WARNING[1]: client rpc starved of grant, sequence 1729641, grantOffset 2618070
1487747038.410862621 HomaTransport.cc:1722 in checkTimeouts WARNING[1]: client rpc starved of grant, sequence 1817405, grantOffset 8820
1487747103.918308901 HomaTransport.cc:1722 in checkTimeouts WARNING[1]: client rpc starved of grant, sequence 2161265, grantOffset 3231060
1487747116.412753601 HomaTransport.cc:1722 in checkTimeouts WARNING[1]: client rpc starved of grant, sequence 2226911, grantOffset 3480960
1487747132.849683726 HomaTransport.cc:1722 in checkTimeouts WARNING[1]: client rpc starved of grant, sequence 2310986, grantOffset 4064550
1487747154.492005744 HomaTransport.cc:1722 in checkTimeouts WARNING[1]: client rpc starved of grant, sequence 2426873, grantOffset 1764000
1487747170.977537724 HomaTransport.cc:1722 in checkTimeouts WARNING[1]: client rpc starved of grant, sequence 2513487, grantOffset 8820
1487747175.188313200 HomaTransport.cc:1722 in checkTimeouts WARNING[1]: client rpc starved of grant, sequence 2535517, grantOffset 8820
1487747195.476072087 HomaTransport.cc:1722 in checkTimeouts WARNING[1]: client rpc starved of grant, sequence 2642183, grantOffset 4229190
1487747214.219647478 HomaTransport.cc:1722 in checkTimeouts WARNING[1]: client rpc starved of grant, sequence 2740495, grantOffset 8820
1487747227.848403665 HomaTransport.cc:1722 in checkTimeouts WARNING[1]: client rpc starved of grant, sequence 2812121, grantOffset 2571030
1487747264.241513845 HomaTransport.cc:1722 in checkTimeouts WARNING[1]: client rpc starved of grant, sequence 3003346, grantOffset 8820
1487747271.874736019 HomaTransport.cc:1722 in checkTimeouts WARNING[1]: client rpc starved of grant, sequence 3043449, grantOffset 8820
1487747282.138523020 HomaTransport.cc:1722 in checkTimeouts WARNING[1]: client rpc starved of grant, sequence 3097184, grantOffset 1277430
**** server1.ms0806.log:
1487746702.799235028 HomaTransport.cc:1779 in checkTimeouts WARNING[1]: server rpc starved of grant, sequence 55058, grantOffset 8820
1487746729.627438657 HomaTransport.cc:1779 in checkTimeouts WARNING[1]: server rpc starved of grant, sequence 195459, grantOffset 1846320
1487746780.229944273 HomaTransport.cc:1779 in checkTimeouts WARNING[1]: server rpc starved of grant, sequence 461582, grantOffset 8820
1487746845.995067918 HomaTransport.cc:1779 in checkTimeouts WARNING[1]: server rpc starved of grant, sequence 807026, grantOffset 8820
1487746870.696074397 HomaTransport.cc:1779 in checkTimeouts WARNING[1]: server rpc starved of grant, sequence 936671, grantOffset 6272490
1487746917.444444177 HomaTransport.cc:1779 in checkTimeouts WARNING[1]: server rpc starved of grant, sequence 1182242, grantOffset 8820
1487746965.689294606 HomaTransport.cc:1779 in checkTimeouts WARNING[1]: server rpc starved of grant, sequence 1435597, grantOffset 8820
1487746984.120926242 HomaTransport.cc:1779 in checkTimeouts WARNING[1]: server rpc starved of grant, sequence 1532317, grantOffset 8820
1487747001.644027801 HomaTransport.cc:1779 in checkTimeouts WARNING[1]: server rpc starved of grant, sequence 1624215, grantOffset 3264870
1487747044.770729980 HomaTransport.cc:1779 in checkTimeouts WARNING[1]: server rpc starved of grant, sequence 1850879, grantOffset 8820
1487747069.295229179 HomaTransport.cc:1779 in checkTimeouts WARNING[1]: server rpc starved of grant, sequence 1979616, grantOffset 1968330
1487747069.997350601 HomaTransport.cc:1779 in checkTimeouts WARNING[1]: server rpc starved of grant, sequence 1981361, grantOffset 4163040
1487747088.249576848 HomaTransport.cc:1779 in checkTimeouts WARNING[1]: server rpc starved of grant, sequence 2079205, grantOffset 8820
1487747105.521201561 HomaTransport.cc:1779 in checkTimeouts WARNING[1]: server rpc starved of grant, sequence 2167816, grantOffset 8820
1487747123.757381034 HomaTransport.cc:1779 in checkTimeouts WARNING[1]: server rpc starved of grant, sequence 2265635, grantOffset 8820
1487747129.286305200 HomaTransport.cc:1779 in checkTimeouts WARNING[1]: server rpc starved of grant, sequence 2294694, grantOffset 8820
1487747185.207981574 HomaTransport.cc:1779 in checkTimeouts WARNING[1]: server rpc starved of grant, sequence 2587993, grantOffset 6397440
1487747191.773762133 HomaTransport.cc:1779 in checkTimeouts WARNING[1]: server rpc starved of grant, sequence 2622849, grantOffset 8820
1487747200.417782024 HomaTransport.cc:1779 in checkTimeouts WARNING[1]: server rpc starved of grant, sequence 2668235, grantOffset 8820
1487747210.613424767 HomaTransport.cc:1779 in checkTimeouts WARNING[1]: server rpc starved of grant, sequence 2721748, grantOffset 520380
1487747233.760335855 HomaTransport.cc:1779 in checkTimeouts WARNING[1]: server rpc starved of grant, sequence 2843266, grantOffset 8820
1487747234.024369915 HomaTransport.cc:1779 in checkTimeouts WARNING[1]: server rpc starved of grant, sequence 2844651, grantOffset 8820
1487747241.343673101 HomaTransport.cc:1779 in checkTimeouts WARNING[1]: server rpc starved of grant, sequence 2883103, grantOffset 2021250
1487747270.124826550 HomaTransport.cc:1779 in checkTimeouts WARNING[1]: server rpc starved of grant, sequence 3034270, grantOffset 640920

