# Generated by 'clusterperf.py echoWorkload'
#
#   Size   Samples       Min    Median       90%       99%     99.9%       Max
#-----------------------------------------------------------------------------
      53      3096       5.0      10.9      23.7      43.4     214.7     289.3
      56      3104       4.9      10.9      23.7      44.3     205.4     245.1
      60      2994       5.0      10.9      22.7      43.0     189.6     255.7
      64      3201       5.0      11.1      24.7      40.0     228.9    1193.5
      68      3133       5.0      10.9      23.4      39.0     209.0     253.4
      72      3084       5.1      11.0      23.0      39.4     164.5     244.9
      77      3066       5.0      11.0      24.1      41.6     231.5     252.6
      81      3191       5.1      11.2      23.7      44.1     147.0     233.5
      87      3282       5.0      10.9      22.8      40.0     227.6     265.4
      92      3027       5.2      11.2      24.3      42.7     171.7     259.8
     100      2993       5.3      11.1      23.7      40.4     211.7     247.1
     109      3226       5.4      11.2      23.7      42.7     237.2     259.4
     119      3184       5.5      11.2      24.1      42.9     123.2     262.5
     130      3189       5.4      11.1      23.5      42.4     213.3     338.7
     141      3120       5.5      11.2      24.5      44.0     211.7     428.2
     154      3208       5.6      11.3      23.8      44.4     119.9     260.1
     168      3125       5.6      11.5      24.9      44.3     232.2     264.7
     183      3086       5.7      11.4      24.0      44.2     211.8     254.2
     199      3104       5.7      11.5      24.5      42.1     122.0     253.7
     217      3086       5.8      11.5      23.8      41.6     195.9     267.0
     222     10962       5.8      11.6      24.5      42.8     227.1     496.6
     227     11062       5.8      11.5      24.7      42.7     173.7    1627.9
     232     10913       5.8      11.5      24.3      43.2     187.2    1387.0
     237     10951       5.8      11.5      24.1      43.8     161.0     225.1
     243     11000       5.9      11.3      23.5      41.8     188.5     260.2
     248     10960       5.9      11.5      24.4      44.6     185.9    1588.1
     254     11092       5.8      11.6      24.4      44.3     209.0     257.2
     259     10953       5.9      11.5      23.9      42.9     157.3     255.1
     265     11013       6.0      11.7      24.5      44.8     221.5     255.2
     271     10928       6.0      11.7      24.5      43.2     206.0     268.0
     274      4647       6.0      11.6      23.8      43.1     199.8     258.9
     277      4720       6.0      11.6      24.4      42.1     204.6     266.0
     279      4715       5.9      11.7      24.3      44.4     226.4     371.1
     282      4691       6.1      11.7      24.2      43.4     250.9     260.0
     285      4683       6.0      11.7      24.4      43.0     230.7     272.5
     288      4668       6.2      11.6      23.9      43.4     203.7    1618.1
     291      4686       6.1      11.6      24.0      42.7     164.7     596.0
     294      4622       6.1      11.7      25.1      44.6     171.4     264.5
     297      4731       6.1      11.7      24.5      43.2     217.6     251.1
     300      4713       6.1      11.6      24.8      43.0     143.0     233.6
     303     36043       6.1      11.7      24.2      43.4     193.3     316.6
     305     35800       6.0      11.7      24.6      44.0     197.0     447.1
     308     35819       6.1      11.8      24.3      43.5     207.2    1323.2
     310     36002       6.1      11.7      24.2      42.8     180.4     525.7
     313     36303       6.1      11.7      24.4      44.2     208.0    1568.8
     315     36227       6.0      11.8      24.3      43.2     211.8    3214.5
     318     35758       6.2      11.7      24.6      43.1     203.2     371.3
     321     36023       6.1      11.8      24.8      43.4     212.2     659.9
     323     35965       6.2      11.8      24.5      44.7     198.9     783.4
     326     35859       6.2      11.8      24.7      43.1     195.1     609.9
     331     27334       6.2      11.8      24.8      43.5     193.9     366.4
     335     27509       6.2      11.8      24.4      43.6     216.0    3310.6
     340     27563       6.2      11.8      24.7      43.5     190.6    1596.8
     345     27192       6.2      11.9      24.5      43.5     217.3    6598.4
     350     27078       6.3      11.8      24.5      43.2     211.2    1632.2
     355     27228       6.3      11.9      24.5      43.5     200.1     383.1
     360     27266       6.3      11.9      24.6      42.8     177.3    1548.8
     365     27553       6.3      12.0      24.8      43.2     199.1     404.1
     371     27241       6.4      12.0      24.6      43.0     193.6    1602.8
     376     27554       6.4      12.0      24.9      44.0     188.2     506.6
     381      8526       6.4      12.0      25.0      43.8     184.2    1543.3
     385      8660       6.5      12.0      24.4      41.2     177.6     330.8
     390      8505       6.5      12.2      25.2      43.3     194.9    1573.4
     395      8422       6.6      12.2      24.8      42.2     198.5     989.1
     400      8548       6.6      12.1      24.5      44.1     205.9     260.6
     405      8381       6.6      12.2      25.4      46.6     240.9    1403.5
     410      8581       6.5      12.2      24.9      42.5     203.7     630.6
     415      8453       6.5      12.2      24.4      43.0     212.0     241.4
     420      8674       6.6      12.2      24.7      42.9     188.0    1450.0
     425      8659       6.6      12.2      25.3      44.6     189.6     267.7
     430     17212       6.6      12.3      25.0      43.5     205.9     377.6
     435     17461       6.7      12.2      24.7      44.3     158.5     279.1
     441     17119       6.7      12.3      25.2      44.6     202.3    1599.2
     446     17293       6.7      12.4      25.3      43.4     195.1     275.0
     452     17309       6.7      12.3      25.3      44.6     195.1     367.0
     457     17270       6.8      12.4      25.0      43.3     183.2     269.8
     463     17125       6.8      12.4      25.4      45.7     216.5     273.5
     468     17303       6.7      12.3      25.2      44.4     205.0    2488.2
     474     17268       6.8      12.3      25.2      43.8     194.4     281.3
     480     17147       6.8      12.4      25.4      45.1     217.6     938.8
     491     82140       6.9      12.4      25.2      43.9     209.3    4678.5
     502     81734       6.9      12.4      25.2      43.9     187.2    3309.0
     513     82297       7.0      12.5      25.2      44.2     211.7    2953.1
     525     82172       7.0      12.6      25.2      44.0     195.3    1272.0
     537     81376       7.1      12.6      25.5      44.2     211.3    4789.4
     549     81892       7.2      12.6      25.5      44.4     197.7    1586.3
     561     81961       7.2      12.7      25.4      44.0     198.5    2906.3
     574     81942       7.2      12.7      25.3      44.5     215.9    1235.8
     587     81397       7.3      12.7      25.5      44.0     194.9    3396.1
     600     82326       7.3      12.8      25.6      44.3     212.1    2693.9
     607     24189       7.5      12.8      25.6      44.8     183.5     258.3
     615     24364       7.5      12.8      25.8      44.3     187.2    2587.5
     623     24181       7.5      12.8      25.8      45.2     220.9    1632.5
     630     24332       7.5      12.9      26.0      44.7     202.2    2031.3
     638     24520       7.6      12.9      25.7      44.2     208.0    1038.3
     646     24263       7.5      12.9      25.6      43.9     192.9    3064.0
     654     24119       7.7      13.0      25.9      44.9     201.1    1106.5
     662     24345       7.7      13.0      25.9      43.7     216.7    1606.7
     671     23992       7.7      13.0      25.7      44.4     210.1     273.1
     679     24124       7.7      13.0      25.6      45.1     196.7    1014.2
     685     14818       7.8      13.0      26.0      46.7     184.3     242.6
     690     14818       7.8      13.0      25.9      44.9     229.2     354.1
     696     14839       7.7      13.1      25.7      46.0     221.9    1200.1
     702     14813       7.8      13.0      25.6      45.7     224.0    1899.8
     707     14893       7.9      13.1      25.6      43.6     174.4    1424.9
     713     14758       7.9      13.1      25.9      44.7     194.5    1537.3
     719     14883       7.9      13.1      25.8      44.3     203.2    1252.2
     725     14622       8.0      13.1      25.4      45.6     195.6     482.4
     731     14884       7.9      13.1      25.9      43.5     227.6    1236.0
     737     15200       8.0      13.1      25.7      44.1     212.1     281.0
     743      9977       8.0      13.2      26.0      44.0     192.4     258.5
     749     10230       8.0      13.2      25.9      43.7     203.6    1560.3
     755     10370       8.1      13.2      25.8      45.5     187.1     252.7
     762     10229       8.1      13.2      25.6      43.0     187.6     299.5
     768     10188       8.2      13.3      25.7      44.3     196.9     268.4
     774     10048       8.2      13.3      26.0      43.5     212.2     644.6
     781     10090       8.2      13.3      25.9      44.5     224.0     341.1
     787     10338       8.2      13.4      26.1      43.4     162.9     262.3
     793     10090       8.2      13.4      26.2      44.5     174.1     267.1
     800     10320       8.3      13.5      26.6      46.7     209.5    1343.4
     808      6208       8.3      13.3      26.0      46.3     212.1     254.3
     816      6318       8.4      13.3      26.4      47.4     248.2    1608.5
     825      6310       8.3      13.3      25.4      45.1     233.9     543.3
     833      6378       8.4      13.3      26.0      44.6     222.9    1604.1
     841      6220       8.4      13.5      26.4      45.6     144.6     293.1
     850      6382       8.5      13.6      25.9      45.3     209.3     371.8
     859      6219       8.5      13.5      26.5      45.9     216.2    3930.2
     867      6357       8.6      13.5      26.4      45.5     223.2     265.5
     876      6307       8.7      13.6      26.6      45.7     238.7     254.9
     885      6292       8.7      13.7      26.7      46.0     226.7    1601.4
     900      7724       8.7      13.7      26.5      45.9     192.1     255.2
     914      7667       8.8      13.7      26.2      43.4     185.2     260.2
     929      7752       8.9      13.7      26.1      45.9     189.6     271.0
     945      7593       8.8      13.7      26.2      44.1     192.1     420.0
     960      7920       8.9      13.8      26.2      45.3     235.6     255.2
     976      7655       9.0      13.9      26.5      45.6     221.0     343.8
     992      7778       9.1      14.1      26.1      43.3     188.7    3254.7
    1009      7807       9.2      13.9      26.2      44.7     196.9    1737.1
    1025      7825       9.2      14.0      26.9      47.9     232.5    1572.3
    1042      7721       9.2      14.0      27.1      50.0     194.9     331.8
    1063      7749       9.4      14.2      27.0      43.8     165.2     301.0
    1085      7723       9.4      14.1      26.8      48.0     225.5    1574.4
    1108      7653       9.5      14.4      26.8      46.1     163.9     254.0
    1130      7656       9.7      14.5      27.4      44.9     205.3     270.4
    1154      7866       9.7      14.5      27.2      45.9     198.9     625.8
    1177      7728       9.8      14.6      26.4      45.8     214.7    1583.7
    1201      7817       9.9      14.6      27.1      45.2     177.7     315.3
    1226      7750      10.0      14.8      27.6      45.6     184.5     250.5
    1251      7862      10.2      14.9      27.8      46.3     193.2     257.2
    1277      7708      10.3      14.9      27.7      45.7     192.2     261.9
    1290      4620      10.3      15.0      27.8      47.1     231.3     268.5
    1303      4799      10.4      15.0      27.9      47.1     234.6     269.2
    1316      4694      10.5      15.1      27.2      45.1     208.7     295.3
    1330      4672      10.6      15.2      27.9      45.1     200.7     232.8
    1343      4673      10.5      15.1      27.3      44.6     176.7    1248.2
    1357      4610      10.6      15.3      27.9      48.2     221.2    1059.7
    1371      4804      10.7      15.3      28.1      50.7     221.7     267.2
    1385      4669      10.7      15.4      28.6      46.5     219.4     421.3
    1399      4707      10.7      15.3      27.8      46.1     157.2    1571.7
    1413      4588      10.9      15.3      28.1      44.5     135.3     189.8
    1425      2997      10.9      15.4      28.0      46.8     237.3     259.8
    1436      3041      11.0      15.3      28.0      47.7     212.9     237.6
    1448      3063      10.9      15.5      28.2      51.8     197.7    3177.0
    1460      3125      11.6      16.1      28.4      45.2     231.8     266.4
    1472      3158      12.2      16.9      29.0      47.6     151.4     297.4
    1484      3132      12.0      16.8      29.4      50.0     175.1     245.6
    1497      3014      11.9      16.8      29.3      47.2     222.8     303.9
    1509      3134      11.8      16.7      28.9      50.4     229.8     342.0
    1521      3075      12.0      16.9      30.3      48.8     190.2     343.7
    1534      3148      12.0      16.6      28.9      46.4     115.6     229.9
    1547      8638      11.9      16.8      29.5      47.8     202.6     243.4
    1559      8627      11.8      16.7      29.0      48.2     216.3     265.3
    1572      8638      12.0      16.7      29.1      47.6     208.0     270.1
    1585      8623      11.8      16.8      29.4      47.5     187.7     280.9
    1598      8626      11.9      16.7      29.2      48.4     165.5     454.4
    1611      8442      11.8      16.9      29.3      45.8     148.1     273.8
    1624      8569      11.8      16.6      29.4      47.8     217.2     639.0
    1637      8586      11.9      16.8      29.3      48.7     235.3     346.6
    1651      8475      11.9      16.8      29.1      47.8     203.4     257.2
    1664      8538      12.0      16.8      29.2      47.8     213.3     267.4
    1712      3268      12.1      16.9      29.1      50.5     258.2     398.0
    1762      3166      12.1      16.8      29.6      47.6     169.6     244.1
    1813      3137      12.2      17.0      29.5      47.1     198.2    1510.0
    1865      3123      12.3      17.3      28.9      46.1     169.6     249.5
    1919      3153      12.3      17.4      29.6      52.9     256.7     288.3
    1975      3123      12.4      17.4      30.3      48.8     144.5     223.9
    2032      3111      12.4      17.7      30.1      48.7     258.7    1869.2
    2091      3178      12.4      17.5      30.1      50.8     261.4     482.2
    2152      3130      12.4      17.6      30.2      48.9     211.2     281.3
    2214      3112      12.4      17.7      30.2      47.1     178.0     232.0
    2311      3867      12.4      17.8      30.4      55.4     271.3    3459.2
    2412      3915      12.3      17.8      29.9      49.0     184.9     254.7
    2517      3842      12.7      17.9      30.0      48.7     212.8     268.6
    2627      3902      12.9      18.0      31.2      50.2     234.4    3182.8
    2742      3918      13.1      18.5      30.9      50.7     243.1    1610.8
    2862      3883      13.5      18.5      31.7      48.9     219.2     253.5
    2987      3816      14.1      19.2      31.1      51.2     196.2     229.7
    3118      3904      14.1      19.4      31.1      51.4     227.4     255.9
    3254      3926      14.2      19.4      31.8      48.8     212.5     259.0
    3396      3916      14.5      19.9      31.8      48.6     221.2     247.8
    3544      3895      14.4      20.1      33.0      50.0     167.9     415.3
    3699      3864      14.6      20.2      32.6      51.4     171.9     273.4
    3861      3815      15.0      20.4      33.5      52.8     220.3     260.9
    4030      4050      15.3      20.8      33.1      52.4     232.0     270.1
    4206      3905      15.6      20.9      33.5      56.5     259.3    3080.7
    4390      3899      16.1      21.3      34.2      54.9     185.5    1611.8
    4582      4022      16.7      22.1      34.6      53.1     168.9     280.0
    4783      3842      16.8      22.4      35.0      59.7     223.2    1917.8
    4992      3950      16.9      22.7      36.0      66.2     234.4     258.8
    5210      3985      17.2      22.8      35.5      54.8     210.1     293.5
    5427      6203      17.6      23.2      36.0      55.8     265.1    1589.6
    5652      6327      18.1      23.6      36.3      53.8     215.8     280.4
    5887      6250      19.1      24.7      37.2      57.3     256.2    1850.5
    6132      6289      19.1      24.8      36.8      59.7     234.0     271.4
    6387      6092      19.2      25.4      37.9      57.5     217.8    6499.9
    6653      6185      19.6      25.6      38.4      57.1     232.9     247.9
    6929      6275      20.1      26.0      39.1      65.7     238.7    3050.4
    7217      6263      20.7      26.5      39.1      60.0     244.8     687.3
    7517      6253      21.5      27.4      40.0      59.3     250.1     296.6
    7830      6276      21.8      28.0      40.7      61.4     219.9     304.5
    9012      5568      24.2      42.1      79.4     130.1     258.8     374.0
   10373      5535      28.9      47.0      84.2     132.5     294.9    1094.2
   11939      5535      31.4      51.2      86.9     136.5     315.4     359.9
   13741      5333      34.1      55.0      92.1     139.6     269.5     341.4
   15816      5300      37.6      59.1      95.9     148.3     294.4     378.3
   18203      5542      41.8      74.7     130.5     207.2     348.7     377.3
   20952      5308      46.8      83.8     143.0     229.2     335.9     547.5
   24115      5478      52.2      92.3     152.4     234.9     362.3     475.8
   27756      5374      58.3     107.4     188.4     290.5     368.4     631.9
   31946      5504      66.3     121.2     204.2     312.6     437.5     557.8
   32405      3921      67.4     124.8     209.0     302.2     392.7     443.1
   32871      3840      67.9     125.0     209.5     334.7     473.1     522.2
   33343      3918      68.2     125.3     206.5     313.7     427.6     518.2
   33822      3968      70.2     128.3     210.7     332.6     477.2     535.8
   34308      3878      70.1     129.2     211.3     323.4     434.7     477.1
   34801      3908      71.1     130.2     209.9     316.7     427.8     495.9
   35301      3821      72.8     134.7     235.4     353.9     472.2     506.7
   35808      3898      73.3     138.2     236.8     361.8     447.5     506.6
   36322      3884      74.0     138.1     234.3     363.3     464.2     554.7
   36844      3901      75.3     142.4     242.2     374.4     488.1     505.9
   37146      3997      75.5     144.9     250.5     374.9     479.8     559.0
   37450      3887      75.4     142.8     239.8     353.9     461.2     705.2
   37756      3832      76.3     146.4     252.3     392.0     482.0     547.9
   38065      3954      77.5     144.9     248.5     377.2     447.9     605.4
   38377      4022      77.2     147.9     248.1     368.3     472.4     548.8
   38691      3916      78.1     147.0     252.3     375.1     493.9     535.5
   39007      3907      77.8     148.9     255.8     383.8     491.0     618.4
   39327      3985      79.4     150.2     253.5     378.6     506.4     888.4
   39648      3864      80.5     149.7     253.0     387.1     529.1    2756.0
   39973      3939      80.3     150.9     252.1     383.6     504.5     517.2
   40382      7796      81.0     153.4     259.2     386.1     476.6    3483.8
   40796      7895      81.5     154.3     256.8     383.4     488.2     702.5
   41214      7998      83.3     156.7     259.8     394.6     536.3     622.4
   41636      7697      84.3     158.2     263.5     396.5     508.2     932.1
   42062      7878      84.2     157.7     264.1     394.4     497.2     574.6
   42493      7810      85.5     160.0     266.5     404.0     554.7     745.5
   42928      7751      86.2     162.0     266.1     397.7     486.6    3663.7
   43367      7796      86.5     163.1     269.3     412.0     502.7    1534.9
   43811      7861      86.8     164.6     269.5     409.0     511.2    2391.9
   44260      7781      88.4     171.2     294.5     445.4     559.8     835.4
   44531      8463      88.2     170.2     290.5     434.1     579.1    1257.5
   44804      8486      88.6     170.6     290.4     439.1     577.3     853.3
   45079      8483      88.9     171.0     294.6     440.9     560.6    3179.0
   45356      8326      89.6     171.9     291.5     442.3     581.6    1174.5
   45634      8550      91.0     172.2     293.0     443.0     612.3    1761.1
   45913      8606      90.7     174.5     302.3     440.8     601.4    1614.5
   46195      8420      91.3     174.9     298.4     449.0     561.1    1727.4
   46478      8448      91.3     174.9     299.3     466.8     615.0     697.9
   46763      8612      92.0     176.8     298.8     443.5     565.4     843.3
   47050      8703      92.9     178.9     305.1     460.9     580.1     766.2
   47435     15670      93.7     180.6     306.8     457.6     581.0    1624.9
   47823     15625      93.8     180.5     308.9     457.9     572.2    2376.6
   48215     15846      95.0     182.1     312.1     464.4     589.9    1095.4
   48609     15469      95.4     183.6     310.5     466.7     606.1     854.2
   49007     15476      96.2     184.9     315.1     462.6     616.2     736.9
   49408     15591      96.6     186.5     314.6     474.9     603.4   13591.0
   49813     15739      97.8     187.9     313.4     473.8     594.9     814.3
   50221     15558      98.7     188.8     314.8     465.8     626.6    1373.2
   50632     15532      98.8     189.7     322.1     479.9     634.4    1201.1
   51046     15787     100.0     192.9     321.4     477.8     639.3    1858.5
   52097      3089     102.4     197.7     328.3     479.1     628.8     743.0
   53169      3158     104.8     200.2     338.1     526.2     704.2    8557.1
   54264      3113     106.2     204.8     352.0     519.7     726.3     873.4
   55381      3066     108.0     208.3     356.9     521.7     648.9     811.4
   56521      3082     109.7     216.4     368.6     547.3     722.4    3752.3
   57684      3220     112.0     219.4     369.5     554.4     729.4     853.2
   58872      2989     115.4     223.1     384.4     566.1     719.2     793.6
   60084      3134     116.4     227.4     379.1     577.7     755.0    1043.4
   61321      3099     118.8     229.7     383.0     565.5     730.7     841.6
   62583      3126     121.0     236.1     406.8     606.8     739.5     866.4
   63353      3904     122.4     239.0     406.5     604.3     758.8     843.1
   64132      3932     122.5     244.4     417.1     611.6     772.8     898.6
   64921      3932     125.1     245.0     414.4     607.5     808.5     861.3
   65720      3929     126.2     247.3     421.3     616.9     817.5    1117.7
   66528      3857     127.5     251.6     424.1     628.0     814.5     877.7
   67347      3993     129.4     257.7     428.1     624.5     876.5    1985.9
   68175      3919     130.8     256.9     423.6     644.6     863.5    3492.4
   69014      3885     132.3     261.2     429.2     632.5     821.9    5115.0
   69863      3858     133.4     262.7     436.1     649.2     829.3     878.6
   70722      3867     136.1     269.9     455.8     633.4     814.0     921.5
   71156      3857     136.2     271.6     468.9     679.1    1002.8    1321.2
   71592      3815     136.2     272.4     458.4     670.7     953.1    1148.6
   72031      3916     138.9     277.8     471.0     698.3     858.2    1029.8
   72473      3845     138.4     271.9     457.2     672.7     859.4    1027.7
   72917      3850     138.6     279.2     468.4     665.6     801.5     874.7
   73364      3850     139.6     277.7     462.0     677.1     833.9     981.9
   73814      3986     141.2     280.6     467.6     682.7     856.8     957.2
   74266      3855     140.8     281.8     469.2     686.2    1011.1    1271.0
   74722      3921     142.4     278.4     466.8     684.5     823.8     884.1
   75180      3965     143.8     285.2     475.8     670.6     878.3    1029.9
   75795     12473     144.0     285.8     479.2     701.1     898.0    1305.8
   76416     12455     144.7     288.5     481.8     706.3     899.3    1977.3
   77041     12654     146.2     290.2     487.5     714.7     924.2    1149.5
   77672     12363     147.6     293.9     486.5     703.0     876.9    1459.1
   78307     12576     148.2     295.3     496.3     707.9     925.5    2378.9
   78948     12569     149.6     296.9     495.4     718.1     929.4    1795.1
   79595     12408     150.3     302.8     506.4     758.1     981.7   11897.8
   80246     12553     151.3     303.6     514.1     752.2     960.0    2242.8
   80903     12630     153.3     308.4     522.5     764.2    1000.4    2253.7
   81565     12428     154.0     311.2     526.7     777.8     990.2    1429.2
   83414      7145     157.1     317.2     523.3     776.0     974.0    1728.1
   85305      6980     161.8     325.8     544.8     787.6    1044.5    1477.4
   87238      6985     164.2     330.8     545.3     831.2    1195.8    2596.9
   89216      6992     168.9     339.8     569.8     859.8    1089.4    1447.0
   91238      7085     172.1     347.8     584.6     849.8    1065.5    4190.7
   93306      7119     175.2     355.2     593.5     850.7    1080.3    2596.0
   95421      7063     179.2     363.0     602.2     904.6    1183.3    1489.0
   97584      7245     182.2     370.9     629.7     927.9    1201.4    3854.6
   99796      7048     187.0     380.5     638.2     951.0    1252.1    3553.0
  102058      7104     192.0     390.2     648.8     962.6    1366.0    1578.1
  103313      3910     192.8     394.7     654.5     940.8    1300.3    1547.6
  104584      3911     195.8     399.9     660.5     974.9    1426.5    8891.3
  105871      3865     198.6     401.7     676.0     996.1    1217.8    1602.7
  107173      3885     200.8     414.4     669.0    1013.6    1364.8    1603.2
  108492      3896     203.7     416.2     688.8    1049.3    1455.3    1726.5
  109826      3839     205.6     418.9     689.0    1058.2    1434.8    1580.9
  111177      3992     207.0     424.7     705.8    1050.7    1324.3    1457.5
  112545      3906     212.1     432.4     713.1    1047.0    1378.6    9165.7
  113929      4010     213.5     434.9     714.4    1051.9    1438.5    2801.5
  115331      3979     217.6     442.4     741.0    1076.4    1480.3    1606.8
  116988      3857     217.8     449.7     744.4    1118.1    1451.3   14158.5
  118669      3815     221.5     456.2     745.6    1061.4    1481.3    2460.1
  120373      3865     225.5     462.7     749.5    1109.3    1581.2    1817.5
  122103      3919     227.5     470.0     784.0    1131.0    1453.3    3796.9
  123857      3849     233.4     471.7     791.4    1149.4    1539.1    1747.7
  125636      3937     232.3     485.0     790.4    1180.7    1476.9    4315.8
  127441      3912     236.6     486.4     808.5    1240.8    1758.2    4817.8
  129272      3930     240.6     496.8     817.7    1217.9    1572.4    2533.0
  131129      3822     246.2     508.4     837.4    1201.3    1541.7    2352.7
  133013      3833     245.2     506.9     842.2    1199.9    1531.3    1843.4
  135199      3942     250.8     522.9     846.9    1243.0    1755.5    1973.9
  137421      3981     257.9     529.1     872.2    1278.7    1644.2   10252.1
  139679      3901     260.9     530.1     874.8    1262.6    1618.5    1760.1
  141975      4021     263.5     543.0     892.0    1338.9    1562.5    1801.7
  144308      3853     266.3     559.7     932.3    1339.6    1894.5    4123.4
  146680      3949     269.9     570.6     942.5    1377.1    2081.2    2210.5
  149091      3956     276.4     579.7     948.2    1360.2    1706.0    2764.0
  151541      3980     281.2     585.8     955.1    1367.1    2079.7    2502.2
  154032      4023     284.7     604.1     999.9    1453.8    1806.8    9532.1
  156563      3953     288.6     605.3     992.3    1430.6    1871.0    2303.2
  159136      3867     295.9     624.0    1002.6    1508.5    2020.7    2358.2
  161752      3991     300.3     636.5    1043.1    1496.4    2042.3   10232.6
  164410      3921     301.9     649.5    1049.1    1549.3    2008.1    3037.4
  167112      3887     307.6     653.7    1066.2    1573.8    2008.1    2861.4
  169859      3919     313.5     664.3    1090.6    1607.2    1893.8    2683.6
  172651      3994     317.9     673.6    1112.5    1629.3    2125.4    2437.1
  175488      4031     322.0     689.3    1137.3    1643.2    2038.7    2424.0
  178373      3937     328.0     694.9    1130.4    1620.8    2048.9    2419.7
  181304      3880     332.3     710.6    1155.6    1728.9    2337.0   14724.4
  184284      4006     338.1     721.1    1183.0    1741.8    2129.4    2964.3
  186932      3800     346.5     730.9    1207.4    1748.3    2243.4    5419.9
  189618      3933     346.4     737.1    1203.3    1703.7    2854.9    8105.5
  192343      3780     353.9     752.2    1240.9    1774.4    2435.4    6934.5
  195107      3913     357.4     766.8    1255.4    1764.0    2425.1   10642.1
  197911      3951     362.7     780.5    1253.1    1797.5    2290.8    3283.2
  200755      3729     369.7     783.9    1298.0    1844.2    2280.3    5006.0
  203640      3929     372.6     800.1    1284.2    1900.0    2544.0    2670.2
  206566      3764     378.2     824.8    1307.3    1947.3    2435.6    3100.9
  209535      3795     384.4     836.8    1343.1    1925.5    2594.6    3018.4
  212546      3797     385.8     841.9    1353.1    1985.5    2532.9    2862.2
  215160      3945     394.0     853.7    1360.0    1933.4    2475.5    2808.0
  217805      3922     399.9     858.4    1385.8    1961.7    2892.6   14316.8
  220484      4017     401.4     873.1    1377.8    2060.3    2678.4    3306.1
  223195      3919     408.6     877.7    1401.9    2086.5    2870.8   13065.4
  225940      3855     415.7     895.5    1449.8    2149.6    3006.4    3303.7
  228718      3913     419.0     909.7    1465.0    2073.2    2876.0    3384.0
  231530      3855     423.5     914.6    1460.3    2045.9    2831.9    3089.7
  234377      3891     428.9     933.9    1527.0    2195.8    2992.3    3283.2
  237259      3841     434.8     946.2    1518.2    2120.3    2959.9    3258.8
  240177      3893     440.9     964.1    1533.7    2268.7    2827.8    3053.5
  244622      3930     449.5     977.9    1579.9    2274.0    3054.2    3871.8
  249150      3892     456.6     987.0    1600.4    2281.4    2830.4    3614.6
  253761      3917     465.0    1019.6    1616.8    2348.2    2911.5    3332.1
  258458      3834     471.8    1037.0    1668.1    2357.6    3340.3    5590.7
  263241      3811     481.1    1047.9    1681.7    2414.2    3332.9    3801.8
  268113      3922     489.8    1074.9    1706.3    2515.4    3091.5    3359.4
  273075      3946     514.9    1083.2    1733.4    2565.5    3422.1    5039.0
  278129      3851     512.1    1109.7    1772.6    2637.8    3483.3    4223.4
  283277      3848     513.9    1131.1    1799.9    2563.6    3505.3    5281.9
  288520      3805     524.3    1171.6    1878.5    2653.8    3521.6    8774.1
  302981      3976     549.1    1220.5    1941.3    2819.1    3781.1    4155.4
  318166      3856     584.9    1302.1    2063.8    3011.1    4471.3    4940.2
  334113      3869     605.8    1346.1    2160.4    3065.1    3756.0    5965.4
  350858      3961     638.1    1420.6    2269.6    3346.6    4434.2    5818.4
  368444      3888     673.4    1506.9    2383.5    3380.1    4570.1    4972.5
  386910      3951     718.8    1588.8    2487.1    3525.8    5080.4    5396.9
  406302      3917     755.5    1668.5    2638.7    3899.0    6046.7    6500.6
  426666      4067     778.0    1761.6    2785.8    4090.0    5351.5    7143.7
  448051      3924     830.9    1866.9    2949.1    4202.4    5393.3    6063.3
  470507      3897     849.3    1952.2    3078.2    4513.1    6036.8    7166.8
  492079      2276     901.4    2043.9    3202.0    4675.1    6808.9    7660.2
  514641      2355     928.5    2149.8    3377.6    4947.4    7209.3    7703.5
  538237      2348     977.2    2244.9    3557.5    5233.7    6773.9   15507.8
  562914      2292    1076.1    2383.7    3691.0    5364.7    7238.3    7952.0
  588723      2450    1058.6    2483.8    3825.3    5497.4    6955.2    8091.1
  615716      2253    1154.6    2622.0    3982.5    5690.2    8064.7    8842.7
  643946      2350    1184.6    2731.6    4305.3    6275.6    9326.3   12744.4
  673470      2374    1214.4    2891.8    4461.8    6645.4    7735.7   20489.0
  704348      2344    1375.1    3056.3    4672.9    6618.7    8474.8   10303.5
  736642      2346    1445.6    3162.8    4927.2    7235.7    8858.0   11271.4
  754877      1564    1422.2    3241.5    5055.7    7477.7    8665.8    9673.1
  773563      1600    1516.9    3299.3    5070.9    7659.3    9070.9   11217.5
  792711      1534    1491.5    3377.1    5290.8    7707.6   11613.3   11700.8
  812333      1523    1569.4    3540.2    5401.7    7775.8   10033.3   10888.8
  832442      1506    1651.3    3596.4    5679.1    8017.5    9701.0   11364.1
  853048      1570    1595.8    3655.6    5623.7    8376.4   11206.1   19057.4
  874164      1570    1588.0    3847.2    5912.2    8486.0   13568.1   14850.0
  895802      1544    1737.0    3912.1    6188.5    9071.2   10920.5   11050.7
  917977      1548    1736.0    4084.0    6234.5    8931.9   12364.9   12597.9
  940700      1558    2054.7    4135.4    6336.4    9173.5   11790.2   12134.0
 1002039      3917    1978.7    4385.1    6739.7    9653.6   13467.9   19296.7
 1067379      3833    2034.3    4702.4    7392.7   11212.9   15337.5   21537.7
 1136978      3883    2108.0    5062.6    7891.2   12019.2   16853.5   20514.9
 1211116      3775    2515.4    5355.8    8377.3   12155.2   16500.0   27191.9
 1290088      3920    2481.9    5806.4    9061.0   12787.7   17483.5   29638.3
 1374210      3876    2587.3    6189.0    9473.9   13886.9   19094.1   23450.6
 1463817      3838    2928.7    6678.4   10162.7   14517.6   20491.5   26391.9
 1559267      3930    3234.6    7153.7   11207.7   16599.2   21014.1   25932.6
 1660940      3781    3323.8    7730.2   11830.0   17323.4   23832.4   28372.1
 1769244      3801    3450.4    8380.7   12824.1   18795.1   25772.9   31567.6
 1805665      2354    3873.0    8550.7   12942.2   19442.4   23680.6   33676.0
 1842837      2442    4168.7    8578.2   13093.3   19304.4   24198.3   32232.3
 1880773      2345    3852.6    8848.2   13338.8   19189.0   25425.3   35407.3
 1919490      2392    3903.1    9034.2   14064.3   20599.8   25562.2   34617.1
 1959005      2349    4142.1    9264.8   14221.3   21576.2   32171.7   39992.8
 1999332      2304    4012.3    9516.9   14394.7   20157.4   27320.8   33376.7
 2040490      2359    4362.9    9920.8   15281.1   22209.8   32813.1   39098.8
 2082496      2392    4782.6    9842.4   15160.6   22626.0   28874.5   36678.0
 2125366      2400    4576.4   10185.8   15792.5   22617.5   30052.0   37293.6
 2169118      2355    4671.3   10385.5   16046.5   23941.1   32578.5   40038.2
 2527289      5448    5088.3   12361.1   19125.3   28005.9   40031.5   49163.5
 2944602      5316    6189.2   14757.1   22829.6   33913.3   44367.0   54032.5
 3430822      5408    7791.2   17874.2   27674.8   41083.1   54858.4   62165.3
 3997329      5511    8491.3   21213.2   33044.9   49440.0   71190.7   78280.1
 4657379      5414   10743.7   25694.4   40642.7   61614.4   75675.2   94845.8
 5426418      5411   12637.4   30537.8   48657.3   73677.2   99379.7  141780.4
 6322443      5326   13907.5   37140.3   59854.3   92855.0  122451.1  144351.2
 7366423      5407   16403.4   44345.6   73956.4  113806.0  145654.1  196754.7
 8582787      5437   21305.3   52905.2   89904.5  146144.0  196514.6  257465.2
10000000      5432   25469.5   64536.5  112493.7  182067.1  247150.0  304374.8
**** server7.ms0814.log:
1487748739.661234904 HomaTransport.cc:1779 in checkTimeouts WARNING[1]: server rpc starved of grant, sequence 64724, grantOffset 1500870
1487748742.682230439 HomaTransport.cc:1779 in checkTimeouts WARNING[1]: server rpc starved of grant, sequence 80932, grantOffset 563010
1487748743.284327387 HomaTransport.cc:1779 in checkTimeouts WARNING[1]: server rpc starved of grant, sequence 84018, grantOffset 2125620
1487748773.309967446 HomaTransport.cc:1779 in checkTimeouts WARNING[1]: server rpc starved of grant, sequence 242323, grantOffset 8820
1487748791.930185135 HomaTransport.cc:1779 in checkTimeouts WARNING[1]: server rpc starved of grant, sequence 340640, grantOffset 646800
1487748809.217592850 HomaTransport.cc:1779 in checkTimeouts WARNING[1]: server rpc starved of grant, sequence 431528, grantOffset 405720
**** server5.ms0812.log:
1487748757.601366114 HomaTransport.cc:1779 in checkTimeouts WARNING[1]: server rpc starved of grant, sequence 159520, grantOffset 8820
**** server3.ms0808.log:
1487748732.938353683 HomaTransport.cc:1779 in checkTimeouts WARNING[1]: server rpc starved of grant, sequence 29839, grantOffset 8820
1487748745.734044800 HomaTransport.cc:1779 in checkTimeouts WARNING[1]: server rpc starved of grant, sequence 97131, grantOffset 8820
1487748792.083318736 HomaTransport.cc:1779 in checkTimeouts WARNING[1]: server rpc starved of grant, sequence 340879, grantOffset 1947750
**** client2.ms0817.log:
1487748731.894670919 HomaTransport.cc:1684 in checkTimeouts WARNING[1]: aborting ECHO RPC to server 14:58:d0:58:df:33, sequence 23709: timeout
1487748756.939656452 HomaTransport.cc:1722 in checkTimeouts WARNING[1]: client rpc starved of grant, sequence 155766, grantOffset 949620
1487748770.951120577 HomaTransport.cc:1684 in checkTimeouts WARNING[1]: aborting ECHO RPC to server 14:58:d0:58:7f:93, sequence 228730: timeout
1487748772.991656435 HomaTransport.cc:1722 in checkTimeouts WARNING[1]: client rpc starved of grant, sequence 240037, grantOffset 3689700
1487748777.957164562 HomaTransport.cc:1722 in checkTimeouts WARNING[1]: client rpc starved of grant, sequence 266147, grantOffset 1769880
1487748784.012942756 HomaTransport.cc:1684 in checkTimeouts WARNING[1]: aborting ECHO RPC to server 14:58:d0:58:7f:83, sequence 297153: timeout
1487748794.799992249 HomaTransport.cc:1722 in checkTimeouts WARNING[1]: client rpc starved of grant, sequence 354629, grantOffset 1687560
1487748823.343805458 HomaTransport.cc:1684 in checkTimeouts WARNING[1]: aborting ECHO RPC to server 14:58:d0:58:5f:d3, sequence 503935: timeout
**** server4.ms0811.log:
1487748732.373344523 HomaTransport.cc:1779 in checkTimeouts WARNING[1]: server rpc starved of grant, sequence 26666, grantOffset 4839240
1487748732.747404234 HomaTransport.cc:1779 in checkTimeouts WARNING[1]: server rpc starved of grant, sequence 28738, grantOffset 8820
1487748766.754593317 HomaTransport.cc:1779 in checkTimeouts WARNING[1]: server rpc starved of grant, sequence 207387, grantOffset 4540830
1487748780.579462613 HomaTransport.cc:1779 in checkTimeouts WARNING[1]: server rpc starved of grant, sequence 280338, grantOffset 8820
1487748784.754723602 HomaTransport.cc:1779 in checkTimeouts WARNING[1]: server rpc starved of grant, sequence 302229, grantOffset 8820
1487748787.703851157 HomaTransport.cc:1779 in checkTimeouts WARNING[1]: server rpc starved of grant, sequence 317641, grantOffset 8820
1487748799.985893989 HomaTransport.cc:1779 in checkTimeouts WARNING[1]: server rpc starved of grant, sequence 381734, grantOffset 4843650
**** server2.ms0807.log:
1487748781.818864443 HomaTransport.cc:1779 in checkTimeouts WARNING[1]: server rpc starved of grant, sequence 286051, grantOffset 3056130
1487748808.971224284 HomaTransport.cc:1779 in checkTimeouts WARNING[1]: server rpc starved of grant, sequence 429288, grantOffset 8564220
**** client7.ms0822.log:
1487748749.066507413 HomaTransport.cc:1684 in checkTimeouts WARNING[1]: aborting ECHO RPC to server 14:58:d0:58:7f:93, sequence 113483: timeout
1487748773.558005169 HomaTransport.cc:1684 in checkTimeouts WARNING[1]: aborting ECHO RPC to server 14:58:d0:58:df:63, sequence 242049: timeout
1487748792.630792396 HomaTransport.cc:1722 in checkTimeouts WARNING[1]: client rpc starved of grant, sequence 342723, grantOffset 4806900
1487748823.554964027 HomaTransport.cc:1722 in checkTimeouts WARNING[1]: client rpc starved of grant, sequence 505325, grantOffset 8820
**** server6.ms0813.log:
1487748733.724030989 HomaTransport.cc:1779 in checkTimeouts WARNING[1]: server rpc starved of grant, sequence 34146, grantOffset 524790
1487748751.739062414 HomaTransport.cc:1779 in checkTimeouts WARNING[1]: server rpc starved of grant, sequence 128646, grantOffset 8820
1487748764.139425810 HomaTransport.cc:1779 in checkTimeouts WARNING[1]: server rpc starved of grant, sequence 194050, grantOffset 4511430
1487748765.390247771 HomaTransport.cc:1779 in checkTimeouts WARNING[1]: server rpc starved of grant, sequence 200695, grantOffset 8820
1487748767.867189198 HomaTransport.cc:1779 in checkTimeouts WARNING[1]: server rpc starved of grant, sequence 213573, grantOffset 277830
1487748777.237228442 HomaTransport.cc:1779 in checkTimeouts WARNING[1]: server rpc starved of grant, sequence 262864, grantOffset 648270
1487748820.661188216 HomaTransport.cc:1779 in checkTimeouts WARNING[1]: server rpc starved of grant, sequence 491760, grantOffset 1040760
**** client4.ms0819.log:
1487748751.884216687 HomaTransport.cc:1722 in checkTimeouts WARNING[1]: client rpc starved of grant, sequence 129037, grantOffset 186690
1487748761.436089278 HomaTransport.cc:1722 in checkTimeouts WARNING[1]: client rpc starved of grant, sequence 179150, grantOffset 4132170
1487748783.455038028 HomaTransport.cc:1722 in checkTimeouts WARNING[1]: client rpc starved of grant, sequence 294836, grantOffset 4085130
1487748790.648548203 HomaTransport.cc:1684 in checkTimeouts WARNING[1]: aborting ECHO RPC to server ec:b1:d7:85:7a:63, sequence 332090: timeout
1487748809.184914589 HomaTransport.cc:1722 in checkTimeouts WARNING[1]: client rpc starved of grant, sequence 429737, grantOffset 1350930
1487748811.191553714 HomaTransport.cc:1684 in checkTimeouts WARNING[1]: aborting ECHO RPC to server 14:58:d0:58:df:63, sequence 440007: timeout
**** server1.ms0806.log:
1487748755.170223689 HomaTransport.cc:1779 in checkTimeouts WARNING[1]: server rpc starved of grant, sequence 146723, grantOffset 6585600
1487748773.398934007 HomaTransport.cc:1779 in checkTimeouts WARNING[1]: server rpc starved of grant, sequence 242413, grantOffset 4217430
1487748812.825233340 HomaTransport.cc:1779 in checkTimeouts WARNING[1]: server rpc starved of grant, sequence 449565, grantOffset 110250
1487748819.421371964 HomaTransport.cc:1779 in checkTimeouts WARNING[1]: server rpc starved of grant, sequence 484327, grantOffset 755580
**** server8.ms0815.log:
1487748734.514027761 HomaTransport.cc:1779 in checkTimeouts WARNING[1]: server rpc starved of grant, sequence 38312, grantOffset 8820
1487748742.827491893 HomaTransport.cc:1779 in checkTimeouts WARNING[1]: server rpc starved of grant, sequence 82103, grantOffset 8820
1487748764.868511123 HomaTransport.cc:1779 in checkTimeouts WARNING[1]: server rpc starved of grant, sequence 198182, grantOffset 4014570
1487748780.284198851 HomaTransport.cc:1779 in checkTimeouts WARNING[1]: server rpc starved of grant, sequence 279484, grantOffset 8820
1487748789.395558876 HomaTransport.cc:1779 in checkTimeouts WARNING[1]: server rpc starved of grant, sequence 326967, grantOffset 1268610
**** client3.ms0818.log:
1487748765.957905422 HomaTransport.cc:1722 in checkTimeouts WARNING[1]: client rpc starved of grant, sequence 203018, grantOffset 8820
1487748782.615145175 HomaTransport.cc:1684 in checkTimeouts WARNING[1]: aborting ECHO RPC to server 14:58:d0:58:5f:f3, sequence 289800: timeout
1487748789.426840173 HomaTransport.cc:1684 in checkTimeouts WARNING[1]: aborting ECHO RPC to server 14:58:d0:58:5f:f3, sequence 325434: timeout
1487748796.954300105 HomaTransport.cc:1684 in checkTimeouts WARNING[1]: aborting ECHO RPC to server 14:58:d0:58:df:63, sequence 365064: timeout
1487748815.236143004 HomaTransport.cc:1722 in checkTimeouts WARNING[1]: client rpc starved of grant, sequence 461735, grantOffset 1643460
**** client5.ms0820.log:
1487748760.085959404 HomaTransport.cc:1684 in checkTimeouts WARNING[1]: aborting ECHO RPC to server 14:58:d0:58:7f:83, sequence 171673: timeout
1487748764.206638310 HomaTransport.cc:1684 in checkTimeouts WARNING[1]: aborting ECHO RPC to server 14:58:d0:58:6f:73, sequence 193353: timeout
1487748776.882954786 HomaTransport.cc:1722 in checkTimeouts WARNING[1]: client rpc starved of grant, sequence 260251, grantOffset 751170
1487748777.018994714 HomaTransport.cc:1722 in checkTimeouts WARNING[1]: client rpc starved of grant, sequence 261132, grantOffset 507150
1487748789.809225010 HomaTransport.cc:1722 in checkTimeouts WARNING[1]: client rpc starved of grant, sequence 328146, grantOffset 1046640
1487748797.360830140 HomaTransport.cc:1684 in checkTimeouts WARNING[1]: aborting ECHO RPC to server ec:b1:d7:85:7a:63, sequence 367082: timeout
1487748821.281235940 HomaTransport.cc:1722 in checkTimeouts WARNING[1]: client rpc starved of grant, sequence 493538, grantOffset 5255250
1487748825.798041271 HomaTransport.cc:1722 in checkTimeouts WARNING[1]: client rpc starved of grant, sequence 517255, grantOffset 4583460
**** client1.ms0816.log:
1487748746.695942694 HomaTransport.cc:1684 in checkTimeouts WARNING[1]: aborting ECHO RPC to server ec:b1:d7:85:7a:63, sequence 101407: timeout
1487748799.047832368 HomaTransport.cc:1684 in checkTimeouts WARNING[1]: aborting ECHO RPC to server 14:58:d0:58:df:63, sequence 376326: timeout
**** client8.ms0823.log:
1487748737.978989270 HomaTransport.cc:1722 in checkTimeouts WARNING[1]: client rpc starved of grant, sequence 55779, grantOffset 367500
1487748749.564472915 HomaTransport.cc:1722 in checkTimeouts WARNING[1]: client rpc starved of grant, sequence 116777, grantOffset 8820
1487748758.553329963 HomaTransport.cc:1684 in checkTimeouts WARNING[1]: aborting ECHO RPC to server 14:58:d0:58:5f:d3, sequence 163337: timeout
1487748770.888206692 HomaTransport.cc:1684 in checkTimeouts WARNING[1]: aborting ECHO RPC to server ec:b1:d7:85:7a:63, sequence 228015: timeout
1487748770.902206466 HomaTransport.cc:1684 in checkTimeouts WARNING[1]: aborting ECHO RPC to server 14:58:d0:58:5f:f3, sequence 228110: timeout
1487748776.923509952 HomaTransport.cc:1722 in checkTimeouts WARNING[1]: client rpc starved of grant, sequence 260267, grantOffset 1412670
1487748790.572138440 HomaTransport.cc:1684 in checkTimeouts WARNING[1]: aborting ECHO RPC to server 14:58:d0:58:df:63, sequence 331489: timeout
1487748790.614145942 HomaTransport.cc:1684 in checkTimeouts WARNING[1]: aborting ECHO RPC to server 14:58:d0:58:7f:93, sequence 331377: timeout
1487748799.977842994 HomaTransport.cc:1722 in checkTimeouts WARNING[1]: client rpc starved of grant, sequence 381401, grantOffset 8820
1487748808.371506303 HomaTransport.cc:1722 in checkTimeouts WARNING[1]: client rpc starved of grant, sequence 425583, grantOffset 8820
1487748809.161640267 HomaTransport.cc:1722 in checkTimeouts WARNING[1]: client rpc starved of grant, sequence 429178, grantOffset 2812110
1487748813.484582890 HomaTransport.cc:1722 in checkTimeouts WARNING[1]: client rpc starved of grant, sequence 452208, grantOffset 8820
**** client6.ms0821.log:
1487748736.857922535 HomaTransport.cc:1722 in checkTimeouts WARNING[1]: client rpc starved of grant, sequence 50106, grantOffset 1161300
1487748752.874801034 HomaTransport.cc:1722 in checkTimeouts WARNING[1]: client rpc starved of grant, sequence 134179, grantOffset 1956570
1487748772.656541247 HomaTransport.cc:1722 in checkTimeouts WARNING[1]: client rpc starved of grant, sequence 237777, grantOffset 5862360
1487748790.965734500 HomaTransport.cc:1684 in checkTimeouts WARNING[1]: aborting ECHO RPC to server 14:58:d0:58:7f:93, sequence 333824: timeout
1487748791.005752406 HomaTransport.cc:1684 in checkTimeouts WARNING[1]: aborting ECHO RPC to server 14:58:d0:58:df:33, sequence 333870: timeout
1487748816.626126964 HomaTransport.cc:1684 in checkTimeouts WARNING[1]: aborting ECHO RPC to server 14:58:d0:58:5f:d3, sequence 468210: timeout
1487748816.638127557 HomaTransport.cc:1684 in checkTimeouts WARNING[1]: aborting ECHO RPC to server ec:b1:d7:85:7a:63, sequence 468259: timeout

