# Generated by 'clusterperf.py echoWorkload'
#
#   Size   Samples       Min    Median       90%       99%     99.9%       Max
#-----------------------------------------------------------------------------
      53      1263       4.8       5.5       7.4      13.1      22.2     159.4
      56      1246       4.8       5.5       7.3      14.1     190.1     203.0
      60      1310       4.8       5.5       7.5      12.8      23.2     177.7
      64      1264       4.9       5.6       7.5      18.0     170.8     280.5
      68      1266       4.9       5.6       7.4      13.9     201.5     221.6
      72      1292       4.9       5.6       7.4      13.8     172.0     177.0
      77      1244       5.0       5.6       7.5      13.8     161.2     162.1
      81      1293       4.9       5.6       7.4      13.1     151.1     177.1
      87      1169       5.0       5.7       7.4      13.5     214.3     232.3
      92      1172       5.1       5.8       7.6      13.7     177.3     189.0
     100      1271       5.2       5.9       7.6      15.5     154.5     233.6
     109      1273       5.2       6.0       7.6      14.1     193.9     208.1
     119      1319       5.3       6.0       7.7      15.5     172.9     243.6
     130      1176       5.4       6.0       7.8      17.2     195.5     197.2
     141      1264       5.4       6.1       7.8      12.2      33.7      59.3
     154      1257       5.5       6.1       8.0      19.3     214.8     216.4
     168      1292       5.5       6.2       7.7      15.0     177.2    1594.5
     183      1345       5.5       6.3       7.8      14.4     189.2     196.3
     199      1243       5.7       6.4       7.8      13.6     225.9     247.1
     217      1230       5.7       6.4       8.1      16.4     188.7     219.1
     222      4281       5.7       6.4       8.0      13.9     177.2     231.2
     227      4441       5.7       6.5       8.0      13.7     162.9     205.9
     232      4255       5.7       6.5       7.9      14.0     145.6     218.3
     237      4408       5.8       6.5       8.0      14.8     161.3     220.3
     243      4377       5.8       6.5       8.0      15.3     159.8     217.3
     248      4293       5.8       6.5       8.0      14.6     164.1    1624.3
     254      4393       5.8       6.5       8.1      13.9      99.1     247.5
     259      4374       5.8       6.6       8.1      13.9     154.2     378.1
     265      4424       5.8       6.6       8.1      14.2     169.6     246.0
     271      4342       5.9       6.7       8.1      14.6     195.7     205.5
     274      1870       6.0       6.6       8.0      13.9     164.8     191.8
     277      1898       5.9       6.7       8.1      14.3     152.1     170.6
     279      1860       6.0       6.7       8.2      15.3     182.1     230.0
     282      1858       6.0       6.7       8.2      14.6     125.3     167.2
     285      1897       6.0       6.7       8.1      19.2     191.3     210.0
     288      1862       6.1       6.7       8.2      14.6     156.0     227.9
     291      1832       5.9       6.8       8.2      14.6     127.4     139.2
     294      1837       6.0       6.7       8.2      17.9     190.2     196.7
     297      1877       6.0       6.7       8.2      18.6     149.6     202.4
     300      1924       6.1       6.8       8.2      14.2     165.1     191.7
     303     14223       6.0       6.8       8.2      14.2     157.8    1348.1
     305     14135       6.0       6.8       8.2      14.7     209.5     250.5
     308     14398       6.0       6.8       8.2      14.4     183.1    1691.7
     310     14495       6.0       6.8       8.2      14.8     184.4     623.7
     313     14274       6.0       6.8       8.2      14.5     190.8    1366.2
     315     14564       6.0       6.8       8.2      14.5     161.5     235.3
     318     14354       6.1       6.8       8.2      14.2     166.1    1115.3
     321     14043       6.1       6.8       8.3      14.4     178.6     251.7
     323     14551       6.1       6.8       8.3      14.4     158.2     252.4
     326     14457       6.1       6.8       8.3      14.5     181.8    1570.7
     331     10967       6.1       6.8       8.3      14.5     175.5    1357.1
     335     10780       6.2       6.9       8.3      14.5     156.9     238.9
     340     10841       6.1       6.9       8.3      14.4     195.0    1601.9
     345     10915       6.1       6.9       8.4      14.8     198.2    1722.3
     350     10795       6.2       7.0       8.3      15.1     195.5    1579.6
     355     11014       6.2       7.0       8.4      14.9     179.4    1727.8
     360     11121       6.2       7.0       8.4      14.6     193.2    1023.2
     365     10875       6.2       7.0       8.4      14.5     158.3     239.7
     371     11116       6.3       7.0       8.5      14.4     169.2    1161.7
     376     10929       6.3       7.0       8.4      14.4     181.6    1622.4
     381      3442       6.3       7.1       8.5      16.2     196.3     229.7
     385      3476       6.4       7.1       8.6      14.5     148.1     238.5
     390      3378       6.5       7.1       8.5      16.6     210.3    1409.9
     395      3421       6.4       7.1       8.5      14.6     162.0     202.3
     400      3422       6.4       7.2       8.6      14.7     189.1    3109.6
     405      3381       6.5       7.2       8.7      15.2     189.4     426.7
     410      3468       6.5       7.2       8.5      14.3     133.6     249.9
     415      3420       6.5       7.3       8.6      15.2     216.2     244.8
     420      3435       6.6       7.3       8.6      14.6     199.3     212.7
     425      3479       6.5       7.3       8.7      17.7     185.4     217.7
     430      6875       6.6       7.3       8.7      14.7     103.1     248.1
     435      6829       6.6       7.3       8.7      16.6     209.8     249.2
     441      6778       6.6       7.3       8.7      15.6     149.5     248.3
     446      6950       6.7       7.3       8.7      15.0     188.6     237.3
     452      6824       6.6       7.4       8.8      16.1     178.8     245.9
     457      6914       6.7       7.4       8.8      15.0     196.3     249.1
     463      6988       6.7       7.4       8.8      15.1     177.4     243.5
     468      6847       6.7       7.5       8.8      15.6     187.7    1554.6
     474      6775       6.7       7.5       8.8      14.9     223.2     247.7
     480      6895       6.8       7.5       8.9      14.9     166.3     246.2
     491     32214       6.8       7.5       8.9      15.4     178.5    6223.9
     502     32512       6.8       7.6       8.9      15.2     174.3    3178.8
     513     32957       7.0       7.7       9.1      15.5     191.5    1624.5
     525     32952       7.0       7.7       9.0      15.1     178.1    1836.7
     537     32869       7.0       7.8       9.1      15.7     184.8    4774.6
     549     32593       7.1       7.8       9.2      15.5     182.4    1580.9
     561     32651       7.1       7.9       9.2      15.6     180.7     706.2
     574     32885       7.2       7.9       9.3      15.6     176.0     268.3
     587     32858       7.2       8.0       9.3      15.6     194.6    6268.3
     600     32697       7.3       8.0       9.4      15.6     190.5    1608.5
     607      9678       7.3       8.1       9.4      17.8     198.0    3131.3
     615      9683       7.4       8.1       9.5      15.6     200.4     234.4
     623      9509       7.4       8.2       9.5      15.8     180.1     248.9
     630      9696       7.5       8.2       9.5      15.9     192.7    1016.2
     638      9728       7.4       8.2       9.6      16.2     170.8     249.5
     646      9720       7.5       8.2       9.6      16.5     181.8     230.8
     654      9655       7.5       8.2       9.6      16.1     143.1     242.8
     662      9813       7.5       8.3       9.7      16.1     163.8     245.5
     671      9779       7.6       8.4       9.7      15.7     164.8     248.6
     679      9602       7.7       8.4       9.7      15.9     178.0     223.1
     685      5815       7.7       8.3       9.6      15.8     191.6     228.0
     690      5945       7.7       8.4       9.7      15.9     196.1    1555.3
     696      5979       7.7       8.4       9.7      16.1     201.5    1139.5
     702      5959       7.7       8.5       9.8      15.8     197.5     560.3
     707      5937       7.8       8.5       9.8      16.9     160.5     245.6
     713      5980       7.8       8.5       9.7      15.7     199.3     239.9
     719      5914       7.8       8.6       9.8      15.8     202.3     243.2
     725      5794       7.9       8.6       9.8      16.0     156.4     225.8
     731      5870       7.9       8.6       9.9      16.6     148.0    1639.2
     737      5978       7.9       8.6       9.9      16.1     141.9     241.6
     743      4133       8.0       8.7      10.0      16.6     200.8     227.9
     749      4025       8.0       8.7      10.0      16.6     168.8     238.4
     755      4000       7.9       8.7      10.0      17.5     212.2     294.1
     762      4077       8.0       8.7       9.9      16.5     174.2     207.8
     768      4048       8.1       8.8      10.0      17.5     156.1     238.6
     774      4046       8.1       8.8      10.1      19.6     187.7     232.9
     781      4053       8.1       8.8      10.0      16.4     206.4     240.1
     787      4073       8.1       8.8      10.0      16.0     172.8     198.7
     793      4148       8.1       8.8      10.1      17.1     192.0     234.8
     800      4106       8.2       8.9      10.1      16.4     223.3     441.9
     808      2494       8.2       8.9      10.2      17.9     135.0     215.0
     816      2455       8.3       8.9      10.1      17.1     218.9     241.2
     825      2472       8.3       9.0      10.2      15.4      45.3     107.1
     833      2451       8.3       9.0      10.2      17.6     154.2    1211.3
     841      2447       8.3       9.0      10.2      15.2     165.9     218.4
     850      2474       8.4       9.1      10.2      16.7     187.9     199.6
     859      2461       8.4       9.1      10.4      16.1      94.1     215.0
     867      2554       8.5       9.2      10.4      16.3      87.0     186.0
     876      2524       8.5       9.2      10.5      18.3     220.4     238.7
     885      2556       8.5       9.2      10.4      16.9      51.2     148.9
     900      3106       8.6       9.3      10.5      16.4     112.7    1393.8
     914      3162       8.6       9.4      10.5      21.6     238.6    4815.0
     929      3076       8.8       9.5      10.6      15.9     168.5     199.8
     945      3135       8.8       9.5      10.6      15.9     209.2     245.3
     960      3123       8.8       9.6      10.7      16.5      88.0     146.8
     976      3146       8.9       9.6      10.8      16.4     159.4    1618.1
     992      3019       9.0       9.7      10.9      22.9     183.8     241.0
    1009      3096       9.0       9.8      10.9      17.3     162.8    1670.7
    1025      3158       9.1       9.8      11.0      16.8     163.1     238.7
    1042      3142       9.1       9.9      11.1      16.4      92.8     250.6
    1063      3115       9.3      10.0      11.1      16.9     204.8     243.6
    1085      3070       9.2      10.1      11.2      19.1     154.3     815.5
    1108      3120       9.5      10.2      11.4      18.5     167.0     214.0
    1130      3092       9.6      10.3      11.4      16.1      89.3     244.7
    1154      3035       9.7      10.4      11.6      19.1     161.7     222.3
    1177      3071       9.7      10.5      11.6      18.5     211.8     787.8
    1201      3047       9.8      10.5      11.6      17.9      69.4     172.8
    1226      3142      10.0      10.7      11.8      18.1     208.7    2757.0
    1251      3125      10.1      10.8      11.9      18.5     129.9     213.1
    1277      3228      10.2      10.9      12.0      17.7     116.2     166.7
    1290      1860      10.2      11.0      12.1      18.5     216.6     219.4
    1303      1921      10.3      11.0      12.1      17.1     196.6     211.8
    1316      1838      10.4      11.1      12.2      17.9     210.6     242.5
    1330      1936      10.3      11.1      12.1      17.6     198.4     201.2
    1343      1876      10.4      11.2      12.4      19.3     244.4     246.5
    1357      1852      10.5      11.2      12.4      19.2     143.8     160.6
    1371      1890      10.6      11.3      12.4      19.2     195.1     242.0
    1385      1918      10.7      11.4      12.6      19.2     223.4    4792.1
    1399      1810      10.7      11.4      12.6      18.3     226.1     229.4
    1413      1862      10.8      11.5      12.6      17.5     232.6     246.2
    1425      1228      10.8      11.5      12.6      18.4     192.9     249.1
    1436      1242      10.9      11.5      12.6      19.9     202.7     212.8
    1448      1227      10.9      11.6      12.6      15.4      26.3      46.8
    1460      1245      11.4      12.7      13.9      18.5     234.3     242.7
    1472      1198      12.0      13.5      14.9      22.4     146.7     217.2
    1484      1270      11.8      12.9      14.3      25.8     252.0     260.6
    1497      1262      11.7      12.8      14.3      24.0     209.5    1588.6
    1509      1309      11.7      12.8      14.2      18.6      54.2      60.4
    1521      1255      11.7      12.8      14.2      24.2     188.0     197.6
    1534      1246      11.8      12.8      14.3      22.8     133.8     226.6
    1547      3482      11.7      12.7      14.1      20.4     177.1     255.7
    1559      3400      11.7      12.7      14.1      21.1     212.5     225.3
    1572      3414      11.7      12.8      14.3      23.2     213.3     269.0
    1585      3443      11.7      12.8      14.2      20.4     200.7     245.0
    1598      3416      11.7      12.8      14.2      20.7     204.8     233.2
    1611      3520      11.8      12.8      14.3      19.8     163.9     224.8
    1624      3475      11.8      12.8      14.2      23.1     206.7     217.6
    1637      3520      11.7      12.8      14.2      22.7     213.7     249.0
    1651      3433      11.8      12.8      14.2      19.7     164.0     222.2
    1664      3465      11.6      12.8      14.2      19.2     115.4     214.0
    1712      1246      11.8      12.8      14.2      19.2     174.9     176.6
    1762      1203      11.8      12.8      14.2      20.9     171.5     236.2
    1813      1247      11.8      12.8      14.4      20.2     178.9     198.2
    1865      1280      12.0      13.1      14.7      25.2     210.4     211.3
    1919      1222      12.2      13.2      14.7      21.1     137.2     151.2
    1975      1266      12.0      13.2      14.6      20.6      91.5     217.1
    2032      1280      12.2      13.2      14.6      27.2     167.4     236.6
    2091      1219      12.1      13.3      14.9      20.9     152.2     254.2
    2152      1246      12.1      13.3      14.8      20.9     199.7     214.5
    2214      1258      12.2      13.4      14.9      19.3     136.5     234.0
    2311      1591      12.2      13.3      15.0      21.5     225.5     245.1
    2412      1552      12.4      13.3      15.1      19.4     155.9     242.8
    2517      1584      12.6      13.6      15.3      27.6     168.6     213.7
    2627      1533      12.8      13.7      15.5      23.9     244.9     252.3
    2742      1569      13.1      13.9      15.7      22.1     184.3     217.4
    2862      1560      13.3      14.1      16.0      28.6     171.2     199.4
    2987      1485      13.9      14.8      16.6      21.8     233.1     240.0
    3118      1528      14.0      14.7      16.7      22.2     120.6     202.8
    3254      1588      14.1      14.8      16.7      23.5     143.6     163.3
    3396      1584      14.3      15.0      16.9      22.3     218.6     235.9
    3544      1527      14.3      15.2      16.9      22.6      70.0     178.8
    3699      1517      14.5      15.2      17.1      23.6     236.4     247.1
    3861      1547      14.9      15.5      17.5      24.1     242.6     366.7
    4030      1553      15.2      15.8      17.7      23.4     150.9     213.5
    4206      1592      15.5      16.2      18.3      27.0     226.1     959.9
    4390      1613      15.9      16.5      18.6      27.4     164.0     168.8
    4582      1550      16.5      17.1      19.2      25.1     234.6     252.6
    4783      1611      16.6      17.2      19.3      24.1     147.7     150.9
    4992      1589      16.8      17.4      19.6      34.0     230.3     255.6
    5210      1553      17.1      17.7      19.7      25.1     229.7     256.9
    5427      2593      17.6      18.1      20.1      26.4     185.2     248.6
    5652      2554      18.0      18.6      20.6      25.9     208.0    1856.8
    5887      2446      18.9      19.9      22.0      30.3     220.1     310.9
    6132      2544      19.0      19.6      21.7      29.3     199.4     211.1
    6387      2556      19.2      19.9      22.0      32.0     202.8     237.5
    6653      2466      19.5      20.1      22.1      27.8     175.8     211.1
    6929      2542      20.1      20.6      22.7      28.6     209.2     251.5
    7217      2536      20.6      21.1      23.2      30.0     185.6     262.7
    7517      2471      21.4      22.0      24.3      36.6     251.9     297.4
    7830      2513      21.7      22.3      24.6      33.3     216.6    2057.1
    9012      2142      23.9      25.4      30.4      40.2     111.1     192.2
   10373      2225      28.5      30.9      35.9      50.6     199.0     261.7
   11939      2172      30.8      33.3      39.2      52.5     240.5     261.8
   13741      2269      33.8      36.2      42.0      58.3     267.5     285.7
   15816      2216      37.0      39.7      46.4      60.0     194.7     291.8
   18203      2265      41.2      43.4      52.4      78.0     282.1     330.5
   20952      2193      46.2      49.1      59.3      85.2     290.4     292.5
   24115      2164      51.8      54.5      67.8      93.2     278.1     296.9
   27756      2207      58.1      61.1      76.5     108.3     257.1     278.3
   31946      2227      65.0      68.3      84.1     117.9     253.8     311.3
   32405      1544      66.9      69.8      86.6     122.5     307.8     314.0
   32871      1571      67.2      70.4      86.6     121.2     294.8     318.9
   33343      1602      68.0      70.9      88.2     120.9     309.5     311.5
   33822      1515      69.6      72.7      91.1     129.4     283.2     318.4
   34308      1554      69.9      72.7      91.7     117.2     333.7    1736.1
   34801      1532      70.5      73.5      89.8     133.3     306.1     320.7
   35301      1521      71.8      75.2      95.0     155.6     302.4     305.1
   35808      1576      72.1      75.3      96.3     143.3     316.1    1456.4
   36322      1472      73.1      76.1      95.8     136.4     319.4     347.5
   36844      1581      74.8      77.5      99.1     148.2     273.2     301.7
   37146      1571      74.8      77.8      97.7     152.7     314.7     315.5
   37450      1556      75.1      78.1     100.3     146.4     307.4     335.6
   37756      1540      75.7      78.5     100.2     162.1     314.7     322.9
   38065      1520      76.2      79.6     100.0     138.9     210.5     314.9
   38377      1592      76.7      80.3     101.6     143.5     261.2     310.7
   38691      1597      77.3      80.3     102.2     162.0     319.3     338.7
   39007      1545      77.7      80.6     102.4     161.8     321.7     391.1
   39327      1597      78.3      81.6     103.9     144.7     318.8     347.2
   39648      1499      79.2      83.0     104.9     175.3     317.9     320.4
   39973      1530      79.7      83.2     108.1     157.2     320.3     322.9
   40382      3136      79.8      83.4     104.9     144.8     312.8     325.1
   40796      3166      81.0      84.1     107.8     155.5     325.5     352.1
   41214      3146      82.9      86.7     109.2     151.1     320.0     384.3
   41636      3170      83.5      87.0     108.7     162.6     328.2     412.9
   42062      3215      83.7      87.5     109.9     166.1     321.2     362.2
   42493      3148      84.3      88.5     112.7     177.0     329.6     344.1
   42928      3152      85.7      89.3     113.3     163.4     321.5     350.4
   43367      3162      85.9      89.8     113.5     160.2     342.3     369.3
   43811      3194      86.4      90.2     113.0     161.5     334.1     366.3
   44260      3141      87.4      91.0     116.5     172.7     333.7    1605.5
   44531      3366      87.3      91.4     117.0     170.7     334.6     591.9
   44804      3450      87.8      91.5     117.3     178.4     344.1     385.2
   45079      3409      88.3      92.3     117.9     178.1     336.5     431.1
   45356      3374      89.1      92.7     119.5     169.7     343.0     417.4
   45634      3441      90.0      93.6     120.1     174.8     352.4     643.0
   45913      3257      90.1      93.5     119.3     170.5     347.1    2380.9
   46195      3431      90.3      94.0     120.7     176.5     344.1     426.1
   46478      3401      90.6      94.5     122.5     194.9     343.8     429.4
   46763      3531      91.4      95.1     122.3     176.1     340.6     359.3
   47050      3396      92.7      96.2     123.3     188.0     356.7    6134.1
   47435      6269      92.6      96.6     125.3     193.4     339.5     456.1
   47823      6324      93.2      97.0     126.5     180.6     342.6     434.3
   48215      6198      93.9      97.6     126.8     185.9     342.8     455.4
   48609      6345      95.0      99.0     127.2     189.4     339.0     596.6
   49007      6285      95.5      99.0     128.0     183.7     350.4     475.3
   49408      6267      95.8      99.5     129.0     192.1     352.8     513.4
   49813      6280      97.0     100.5     130.2     189.6     342.9    1515.6
   50221      6212      97.9     101.5     130.3     193.5     354.6     642.6
   50632      6166      98.0     101.9     131.7     188.7     349.6     372.1
   51046      6450      99.1     102.9     133.6     208.3     366.2     395.3
   52097      1211     101.5     105.2     133.4     189.6     346.9     357.5
   53169      1243     103.7     107.6     140.2     208.0     373.3     394.6
   54264      1227     105.2     109.0     139.9     238.3     350.8     369.7
   55381      1143     106.9     110.8     142.3     216.7     405.3     455.9
   56521      1308     109.1     112.8     143.8     218.3     366.9     398.2
   57684      1295     111.1     117.2     150.5     226.3     356.8     374.0
   58872      1185     113.7     117.8     152.3     246.6     371.3    4091.9
   60084      1273     115.6     119.1     153.6     210.9     335.2     351.5
   61321      1247     117.5     122.0     158.4     252.6     359.0     409.4
   62583      1207     119.6     123.5     160.1     223.1     358.5     372.2
   63353      1554     121.5     126.2     165.4     236.3     379.3     432.2
   64132      1552     122.4     126.2     166.6     252.3     365.8     478.8
   64921      1604     124.5     128.6     168.6     324.6     476.9     913.8
   65720      1563     125.4     129.2     166.5     276.5     370.8     501.8
   66528      1510     126.7     131.2     167.5     234.8     404.1     444.1
   67347      1576     128.1     132.6     173.5     270.1     385.8     423.8
   68175      1615     129.5     133.8     177.8     261.2     429.9    3396.2
   69014      1540     131.0     135.2     172.2     280.4     404.1     428.8
   69863      1652     132.3     137.6     182.1     295.7     436.7     446.1
   70722      1531     134.7     139.1     181.2     270.2     404.2     423.9
   71156      1666     135.1     139.4     181.5     287.4     406.0     450.0
   71592      1525     135.6     140.2     188.1     260.4     383.0     431.1
   72031      1540     137.6     142.5     187.4     276.2     414.9     439.9
   72473      1547     137.2     141.9     182.1     263.8     402.2     407.7
   72917      1624     137.8     142.7     183.6     263.4    1559.7    1667.8
   73364      1582     139.1     143.6     185.5     315.5     406.4    8978.3
   73814      1609     139.7     144.4     190.0     297.2     412.1     427.4
   74266      1545     140.1     144.9     188.9     274.7     431.3     519.0
   74722      1579     141.3     146.3     193.0     300.4     490.3     535.6
   75180      1570     142.3     149.0     197.3     292.9     414.5     455.5
   75795      4976     142.7     147.6     192.4     284.0     419.8     544.2
   76416      5038     144.2     148.8     197.1     291.7     433.0    4890.5
   77041      5115     145.1     149.8     196.5     278.1     402.6     433.2
   77672      4865     146.3     151.2     200.1     300.1     424.6    3467.3
   78307      5045     147.4     152.6     200.4     301.3     424.1    3391.0
   78948      5152     148.2     153.1     202.3     297.8     426.2     482.5
   79595      5101     149.7     155.1     202.1     304.6     423.9    9684.2
   80246      4999     150.6     155.5     203.7     316.1     448.5     627.3
   80903      4938     152.5     157.8     207.1     323.1     446.4     477.7
   81565      4878     152.6     157.9     207.9     326.0     464.9     858.6
   83414      2758     156.3     161.3     212.9     330.9     477.1     525.7
   85305      2831     160.2     165.5     218.5     357.6     483.2     513.6
   87238      2868     163.1     169.4     227.8     368.1     489.4     564.5
   89216      2752     166.9     172.4     223.9     318.3     474.2     512.8
   91238      2887     170.3     176.1     232.7     359.7     502.6    1582.2
   93306      2734     173.7     179.4     237.0     349.1     421.6     462.3
   95421      2838     177.8     183.4     242.9     344.2     432.6     503.2
   97584      2782     181.3     187.0     248.2     409.5     489.2     501.1
   99796      2897     185.8     191.7     253.6     377.4     459.8     468.8
  102058      2831     189.3     195.8     259.0     381.6     479.1     681.3
  103313      1537     191.8     197.7     258.8     413.1     502.0     539.1
  104584      1609     194.4     201.2     263.9     395.8     560.0     570.6
  105871      1554     196.6     202.6     275.2     418.6    8317.7    9567.4
  107173      1533     198.5     204.2     271.6     381.1     552.2     571.1
  108492      1549     200.7     207.5     284.1     449.9     561.8     569.7
  109826      1593     203.2     210.2     282.8     448.5     545.8     602.3
  111177      1569     205.6     212.4     285.3     445.0     624.9     758.7
  112545      1549     208.1     215.7     282.5     444.5     577.0     757.3
  113929      1503     210.3     216.3     290.4     447.6     620.3     694.4
  115331      1606     212.7     218.8     286.2     433.5     578.1    1859.5
  116988      1504     215.7     223.4     295.0     455.8     551.4     562.5
  118669      1546     218.2     225.7     306.0     432.6     516.5     621.2
  120373      1630     221.6     228.3     313.5     461.8     683.0     700.5
  122103      1523     225.3     232.5     307.4     465.5     585.4     638.8
  123857      1510     228.2     235.7     321.3     485.5     717.7    3519.2
  125636      1480     230.8     237.7     321.1     456.6     565.6     624.9
  127441      1530     234.1     241.6     321.4     465.9     603.3     708.0
  129272      1491     237.5     246.2     329.3     479.7     649.0    1288.0
  131129      1510     241.0     250.2     344.1     524.6     647.7     811.5
  133013      1589     243.8     252.5     340.3     491.7     646.0     733.8
  135199      1648     248.3     256.2     348.7     543.4     744.9     757.6
  137421      1707     251.2     262.1     347.2     518.9     643.0     739.7
  139679      1635     256.6     263.6     349.0     472.4     685.5     718.8
  141975      1538     259.9     269.4     357.5     514.0     654.3     863.9
  144308      1629     264.3     272.2     367.7     529.5     657.3     981.7
  146680      1555     267.9     277.2     363.6     539.4     656.0     724.5
  149091      1565     272.4     282.8     380.6     534.6     682.5     700.9
  151541      1652     277.3     285.9     394.2     577.9     787.6     823.0
  154032      1642     281.1     289.7     393.8     590.9     686.6     809.3
  156563      1548     285.4     298.2     399.2     575.1     711.2     916.7
  159136      1617     290.3     301.5     399.1     586.9     733.1     884.4
  161752      1568     294.5     305.1     408.9     584.0     746.9     764.6
  164410      1569     299.6     310.8     425.0     585.6     766.6     779.2
  167112      1549     303.7     314.8     426.1     601.1     777.4     906.4
  169859      1485     307.9     326.8     454.4     618.9     774.0     879.6
  172651      1547     312.9     327.5     449.6     618.7     767.6     807.2
  175488      1513     318.7     336.6     459.5     632.6     999.3    6781.2
  178373      1560     324.4     338.5     456.5     641.8     769.2     797.4
  181304      1502     328.8     345.6     469.6     650.5    1226.2    5005.1
  184284      1570     334.4     348.3     488.9     670.9     784.6     827.0
  186932      1574     338.8     356.5     480.6     679.2    3607.1    5079.9
  189618      1528     344.0     353.9     489.4     671.5     867.9    1027.5
  192343      1581     348.4     366.1     495.1     681.1     897.1    3711.4
  195107      1557     353.2     370.9     502.2     736.2     847.5     868.9
  197911      1525     358.1     376.5     505.4     686.4     964.4    1038.1
  200755      1500     363.1     374.8     516.3     723.5     929.1     929.9
  203640      1601     368.7     382.9     526.4     768.6     881.5     952.9
  206566      1551     373.8     387.3     528.6     719.9     974.1    1205.4
  209535      1511     378.7     393.4     536.5     767.6     923.5    1096.9
  212546      1533     383.9     398.7     544.2     733.1     905.1     960.2
  215160      1551     388.6     405.7     554.9     793.0     914.8    1280.7
  217805      1524     393.9     412.5     555.3     763.0     973.8    1315.0
  220484      1576     398.2     417.0     564.0     794.6    1229.9    1280.3
  223195      1550     403.0     421.8     573.4     782.6     940.8    1097.8
  225940      1545     408.1     427.8     599.3     829.5    1157.0    1343.4
  228718      1572     411.6     433.7     616.0     883.0    1163.5    2143.2
  231530      1543     416.6     438.9     590.8     802.6     979.2     999.1
  234377      1703     421.6     441.2     608.5     801.6    1189.5    1502.3
  237259      1599     427.5     446.4     617.8     863.0    1003.9    1129.2
  240177      1486     432.9     451.3     626.5     818.0     970.5    1222.6
  244622      1549     440.3     456.4     617.1     849.8    1061.1    1311.9
  249150      1556     448.2     468.7     658.5     950.4    5364.8    8043.9
  253761      1555     456.2     475.8     661.4     890.8    1138.0    1147.3
  258458      1631     464.8     483.9     676.5     976.5    1320.1    1371.9
  263241      1647     474.1     495.1     712.6     945.6    1157.7    1349.7
  268113      1582     481.6     503.2     698.6     943.2    1246.0    1261.5
  273075      1543     490.3     510.2     707.1     967.4    1175.5    1425.5
  278129      1625     499.6     523.1     731.3    1013.1    1455.4    1646.7
  283277      1592     507.3     529.8     742.1     996.0    1482.0    1774.3
  288520      1557     516.2     539.9     751.0    1055.6    1306.3    1621.8
  302981      1529     543.7     565.4     791.7    1054.9    1316.7    1378.6
  318166      1572     569.7     597.1     843.5    1250.0    1537.5    1548.3
  334113      1530     598.0     626.7     893.1    1221.9    2027.0    3481.1
  350858      1569     627.7     651.9     930.5    1273.4    1938.8    2501.3
  368444      1503     656.8     689.8     996.0    1442.7    1784.2    1827.2
  386910      1512     691.4     726.5    1000.6    1457.0    1763.3    1765.6
  406302      1585     723.3     763.1    1063.6    1461.3    1675.3    1840.1
  426666      1490     761.1     804.4    1162.7    1517.2    1893.8    1924.7
  448051      1595     798.6     848.5    1222.8    1605.3    2230.3    2476.4
  470507      1564     838.5     880.8    1243.2    1701.0    2080.2    3532.5
  492079       938     876.1     927.6    1315.3    1739.8       0.0    2738.2
  514641       927     915.7     976.4    1386.0    1807.8       0.0    2688.6
  538237       922     959.0    1020.2    1428.8    2006.8       0.0    3000.8
  562914       943    1001.4    1071.1    1528.9    2083.6       0.0    2564.1
  588723       946    1048.0    1124.1    1631.3    2227.0       0.0    9227.5
  615716       951    1094.3    1185.1    1702.1    2226.2       0.0    2691.6
  643946       995    1145.3    1237.2    1727.0    2355.2       0.0   10612.7
  673470       947    1198.3    1295.4    1813.8    2374.7       0.0    2750.9
  704348       940    1252.0    1348.0    1893.2    2526.7       0.0    3025.7
  736642       932    1310.8    1433.3    2080.4    2662.0       0.0   14566.9
  754877       629    1338.4    1458.1    2037.1    2736.7       0.0    3044.1
  773563       652    1375.0    1507.5    2053.4    2827.7       0.0    3375.5
  792711       598    1408.3    1525.3    2114.1    2838.3       0.0    3761.2
  812333       615    1442.5    1593.0    2214.3    2861.2       0.0    3949.9
  832442       642    1478.8    1636.1    2250.2    2828.8       0.0    3674.7
  853048       643    1514.0    1680.0    2360.8    3318.2       0.0    3805.6
  874164       622    1553.6    1706.2    2368.8    3265.3       0.0    4268.4
  895802       586    1590.2    1744.8    2434.9    3012.9       0.0    3436.1
  917977       650    1626.5    1788.8    2499.0    3324.4       0.0    3830.2
  940700       631    1667.0    1845.7    2630.6    3306.9       0.0    5107.3
 1002039      1570    1777.1    1973.8    2751.3    3657.9    4827.2    5405.0
 1067379      1548    1889.1    2083.7    2886.1    4024.2    5198.0    5504.0
 1136978      1603    2014.5    2238.3    3151.3    4298.5    5368.8    5525.5
 1211116      1566    2148.3    2372.7    3361.6    4599.2    5883.0    6000.6
 1290088      1535    2286.9    2551.2    3527.2    4629.6    6092.3    7229.7
 1374210      1583    2436.3    2708.6    3817.9    5041.6    6519.0    7149.8
 1463817      1540    2592.8    2911.1    4048.4    5371.1    6699.3    7209.4
 1559267      1497    2757.7    3102.4    4325.0    5529.3    6954.1    7316.7
 1660940      1594    2944.0    3300.6    4581.0    5953.1    7189.5    7433.6
 1769244      1614    3139.3    3518.0    4878.4    6477.4    8518.8    9273.1
 1805665       967    3197.5    3541.7    4954.9    6492.2       0.0    7911.2
 1842837       932    3267.7    3639.3    5134.6    6802.0       0.0   10631.6
 1880773       960    3337.8    3723.3    5350.2    6976.1       0.0    8200.6
 1919490       960    3399.2    3797.6    5386.2    7239.9       0.0    8485.8
 1959005       914    3481.9    3926.1    5474.8    7693.4       0.0    9168.5
 1999332       956    3548.0    3943.3    5442.5    6972.9       0.0    7917.3
 2040490       963    3628.7    4076.8    5721.6    7474.6       0.0    8669.8
 2082496       949    3700.1    4146.6    5966.8    8114.5       0.0   10745.2
 2125366       933    3759.2    4246.8    5924.7    8263.9       0.0   10854.0
 2169118       957    3851.1    4373.3    6193.1    8449.7       0.0   10194.5
 2527289      2167    4488.1    5056.5    7063.7    9423.5   11098.1   13853.1
 2944602      2157    5252.7    5960.0    8378.4   11030.8   13898.2   15216.9
 3430822      2204    6154.5    7003.0    9916.8   13145.2   17736.2   20128.0
 3997329      2185    7119.5    8198.6   11354.1   15480.1   21135.1   23739.3
 4657379      2240    8363.2    9624.3   13191.7   17663.7   22546.3   25986.5
 5426418      2176    9764.8   11336.8   15577.6   20414.0   24038.3   25186.8
 6322443      2205   11448.4   13438.6   18189.2   24029.4   34771.0   38828.0
 7366423      2156   13452.2   15875.9   21181.0   28298.5   36888.5   40551.1
 8582787      2110   15761.3   18592.4   24623.3   31425.1   38993.4   57219.3
10000000      2244   18490.4   21760.7   28371.5   38275.5   46821.1   48107.6

