# Generated by 'clusterperf.py echoWorkload'
#
#   Size   Samples       Min    Median       90%       99%     99.9%       Max
#-----------------------------------------------------------------------------
      53      3748       4.8       7.5      12.9      27.7     204.2    1338.7
      56      3686       4.9       7.3      12.8      29.2     217.1    2894.8
      60      3729       4.8       7.5      12.8      28.5     164.1     238.6
      64      3838       4.9       7.4      12.6      24.7     138.5     256.0
      68      3780       4.9       7.5      12.9      28.2     152.8     204.6
      72      3663       4.9       7.5      12.8      29.8     216.1     450.8
      77      3718       4.9       7.5      13.1      30.5     196.6     237.9
      81      3846       4.9       7.4      12.8      28.4     212.3    1038.9
      87      3652       5.0       7.5      12.8      27.1     149.4     203.3
      92      3811       5.0       7.6      13.1      31.6     193.4     278.3
     100      3747       5.2       7.7      13.1      28.6     124.3     215.7
     109      3664       5.3       7.7      12.7      24.9     130.1     219.7
     119      3695       5.2       7.7      13.0      28.9     191.2     212.0
     130      3760       5.4       7.8      13.2      28.1     222.2     260.5
     141      3816       5.4       7.8      13.3      27.4     122.3     223.4
     154      3817       5.5       7.7      13.1      30.0     200.1     237.4
     168      3682       5.5       7.8      13.1      27.7     174.5     237.3
     183      3832       5.5       7.9      13.3      30.1     201.9     240.7
     199      3787       5.7       8.0      13.6      29.2     214.0    1031.3
     217      3817       5.7       7.9      13.2      25.6     156.6     244.1
     222     13068       5.7       8.1      13.3      28.7     170.7     325.9
     227     12928       5.7       8.1      13.5      27.9     176.1     319.4
     232     13133       5.7       8.1      13.5      29.4     177.8     258.5
     237     13360       5.8       8.1      13.3      28.4     181.8     247.9
     243     13163       5.8       8.1      13.7      28.6     148.1     349.5
     248     13023       5.7       8.1      13.4      28.4     207.8    3324.4
     254     13036       5.7       8.1      13.5      29.2     205.9     280.4
     259     12933       5.8       8.1      13.5      28.5     213.6     955.2
     265     12956       5.9       8.2      13.5      29.0     193.5     441.6
     271     12973       5.9       8.2      13.7      29.9     198.1    2123.8
     274      5585       5.9       8.2      13.6      27.3     187.1     252.1
     277      5573       6.0       8.2      13.5      28.8     183.7     304.0
     279      5420       6.0       8.2      13.6      29.2     209.2    2229.5
     282      5525       6.0       8.2      13.7      29.6     190.2     254.9
     285      5549       5.9       8.3      13.6      28.9     157.3     231.2
     288      5562       6.0       8.3      13.7      29.0     203.2     351.0
     291      5614       6.0       8.3      13.8      29.9     172.0    1238.5
     294      5623       6.0       8.3      13.6      28.6     193.3     249.0
     297      5613       6.1       8.3      13.4      28.6     127.1     222.3
     300      5754       6.1       8.3      13.7      29.1     207.0     273.0
     303     43061       6.0       8.3      13.6      27.9     184.3     488.5
     305     43080       6.0       8.3      13.7      28.6     194.3     332.5
     308     43029       6.0       8.3      13.7      28.6     191.8    1361.0
     310     42834       6.0       8.3      13.7      28.5     184.7    1415.9
     313     43283       6.0       8.3      13.7      28.8     186.1    3118.7
     315     43278       6.1       8.3      13.7      28.6     177.3     497.2
     318     43503       6.0       8.3      13.7      28.9     204.2    8057.9
     321     42825       6.0       8.3      13.8      29.0     195.1     296.9
     323     42873       6.1       8.3      13.7      28.8     192.7     766.2
     326     43138       6.1       8.3      13.8      29.2     185.6    1854.5
     331     32526       6.0       8.4      13.7      28.0     179.8    3233.5
     335     32742       6.1       8.4      13.8      28.6     177.5    1842.6
     340     32459       6.1       8.4      13.8      29.1     197.4    2710.3
     345     32911       6.2       8.4      13.8      29.0     187.5    2588.8
     350     32830       6.2       8.4      13.8      28.4     179.7    1118.8
     355     32614       6.2       8.5      13.9      28.6     174.5     318.2
     360     33010       6.3       8.5      13.9      28.1     179.6     251.5
     365     32474       6.3       8.5      13.9      28.1     158.7     347.7
     371     32811       6.3       8.5      14.1      29.6     188.3    1494.8
     376     32924       6.3       8.5      13.9      28.9     196.7    1510.0
     381     10353       6.3       8.6      14.1      29.1     200.2     246.6
     385     10359       6.4       8.6      14.0      29.5     190.2     247.1
     390     10330       6.4       8.6      14.2      29.2     201.3    6503.2
     395     10247       6.4       8.6      14.0      28.4     179.2     247.8
     400     10164       6.4       8.6      14.0      28.8     156.1     243.3
     405     10271       6.5       8.7      14.0      29.2     192.1     245.3
     410     10153       6.5       8.7      14.1      28.1     143.6     252.3
     415     10441       6.5       8.7      14.1      29.7     196.5     262.5
     420     10246       6.5       8.8      14.3      30.6     180.9     380.6
     425     10364       6.5       8.7      14.1      28.2     128.4     228.1
     430     20537       6.6       8.8      14.2      29.2     164.5     255.2
     435     20802       6.6       8.8      14.1      29.6     188.8     515.1
     441     20740       6.6       8.8      14.2      28.4     188.9     250.8
     446     20627       6.6       8.8      14.2      28.8     151.3     304.2
     452     20844       6.7       8.9      14.5      29.5     183.8     923.7
     457     20682       6.7       8.9      14.4      28.4     162.2     446.1
     463     20508       6.7       8.9      14.4      29.8     192.1     968.1
     468     20638       6.7       8.9      14.3      29.8     191.0    1153.9
     474     20666       6.7       8.9      14.4      29.1     199.4     351.3
     480     20425       6.8       9.0      14.5      30.2     183.5    1279.6
     491     98491       6.8       9.0      14.4      29.0     177.9    4727.3
     502     98893       6.8       9.0      14.4      28.9     176.4    4657.9
     513     98441       6.9       9.1      14.5      29.6     191.0    1834.2
     525     98150       7.0       9.2      14.6      29.7     186.2    4652.7
     537     98790       7.0       9.2      14.5      29.6     195.8    3097.3
     549     98468       7.1       9.3      14.8      29.8     203.9    3243.4
     561     98768       7.1       9.3      14.6      29.5     186.0    1581.9
     574     98417       7.1       9.3      14.7      29.4     181.3    4471.2
     587     97890       7.2       9.4      14.8      29.5     194.6    3781.6
     600     98942       7.2       9.4      14.8      29.4     182.2    4688.1
     607     28987       7.3       9.4      14.9      30.5     186.6    1376.8
     615     28966       7.4       9.5      14.9      30.2     198.7    3861.3
     623     29242       7.4       9.5      14.8      29.1     184.0    1539.1
     630     28830       7.5       9.5      14.7      30.1     190.1     401.4
     638     29045       7.5       9.6      14.9      29.9     185.3     380.9
     646     29260       7.5       9.6      14.9      29.6     181.5    2170.5
     654     28874       7.6       9.6      15.0      29.7     170.7     258.1
     662     29253       7.6       9.6      14.9      30.6     200.0    1426.6
     671     28817       7.6       9.7      15.0      30.1     194.8     252.7
     679     29049       7.6       9.7      15.0      29.7     183.8     422.7
     685     17666       7.7       9.7      15.0      29.5     208.1     389.3
     690     17782       7.7       9.7      15.1      29.5     176.8     283.2
     696     17479       7.7       9.7      14.9      29.5     186.8     264.4
     702     17503       7.8       9.7      15.0      29.4     188.8     260.9
     707     17755       7.8       9.8      15.1      29.9     160.8    1554.6
     713     17642       7.8       9.8      15.1      29.4     188.3    2755.8
     719     17711       7.9       9.8      15.1      30.4     202.5     251.1
     725     17593       7.9       9.8      15.3      30.1     172.9    1643.1
     731     17820       7.9       9.9      15.1      31.3     211.7     604.5
     737     17874       7.9       9.9      15.2      30.3     195.8     289.2
     743     12307       8.0       9.9      15.3      31.0     214.5     261.0
     749     12115       7.9       9.9      15.2      30.2     196.9     256.0
     755     12336       8.0       9.9      15.1      30.2     203.6     270.0
     762     12260       8.0       9.9      15.3      31.2     172.3     246.4
     768     12371       8.1       9.9      15.3      29.2     185.5     247.4
     774     12208       8.0      10.0      15.4      31.0     197.7     255.8
     781     12185       8.1      10.0      15.3      32.7     161.9     231.3
     787     12308       8.1      10.1      15.4      30.2     176.5     235.8
     793     12241       8.1      10.0      15.3      31.3     174.3     283.4
     800     12097       8.2      10.1      15.3      30.8     202.5    5091.5
     808      7586       8.2      10.1      15.3      30.1     206.9     255.7
     816      7569       8.2      10.1      15.3      30.8     195.3     262.6
     825      7606       8.2      10.1      15.3      30.8     168.7     252.5
     833      7561       8.2      10.2      15.4      29.7     147.8     216.3
     841      7615       8.4      10.2      15.7      31.8     162.4     246.8
     850      7634       8.4      10.3      15.4      32.6     163.2     257.7
     859      7487       8.4      10.3      15.4      30.0     150.9     246.1
     867      7553       8.5      10.3      15.7      31.6     220.4    1453.3
     876      7540       8.5      10.4      15.7      30.9     196.3    3147.8
     885      7472       8.6      10.3      15.5      31.7     203.6     251.4
     900      9278       8.7      10.5      15.6      31.4     203.9     313.9
     914      9285       8.6      10.5      15.7      30.6     195.1    1376.3
     929      9432       8.7      10.6      15.9      31.5     172.7     233.6
     945      9484       8.8      10.6      16.0      30.8     174.3     257.0
     960      9272       8.9      10.6      15.9      31.6     177.5     336.4
     976      9152       8.9      10.8      15.9      31.0     163.5     257.4
     992      9241       9.0      10.8      16.0      32.5     213.7     255.3
    1009      9404       9.0      10.8      15.9      29.6     107.1     308.0
    1025      9216       9.1      10.9      16.0      29.4     143.4     255.8
    1042      9239       9.2      11.0      16.3      30.9     174.9    1264.2
    1063      9161       9.3      11.1      16.4      30.9     176.2    1353.5
    1085      9244       9.4      11.1      16.2      31.3     174.8     252.9
    1108      9179       9.5      11.3      16.4      31.6     175.1     236.7
    1130      9201       9.5      11.3      16.3      31.1     161.6     255.6
    1154      9334       9.6      11.4      16.5      32.3     208.3     258.7
    1177      9148       9.8      11.5      16.6      30.6     193.6     255.7
    1201      9399       9.8      11.6      16.7      31.8     172.7     251.7
    1226      9327       9.9      11.7      16.7      31.4     209.6     268.5
    1251      9197      10.1      11.8      17.0      31.9     198.5     691.5
    1277      9272      10.1      11.9      17.0      31.6     180.8     259.4
    1290      5769      10.3      12.0      17.2      34.5     211.4     246.7
    1303      5610      10.2      12.0      17.0      30.2     140.1     226.6
    1316      5673      10.3      12.1      17.1      31.8     150.8    1373.4
    1330      5755      10.4      12.1      16.9      31.9     197.7     326.6
    1343      5707      10.5      12.2      17.0      32.7     187.9     771.5
    1357      5555      10.5      12.3      17.4      32.5     173.0     248.0
    1371      5752      10.6      12.3      17.2      31.0      99.1     225.4
    1385      5633      10.7      12.4      17.4      34.2     192.4    4695.8
    1399      5656      10.6      12.4      17.3      32.2     196.4     256.4
    1413      5683      10.7      12.5      17.4      32.0     157.0    1011.9
    1425      3870      10.8      12.6      17.5      33.0     243.7    3175.3
    1436      3749      10.8      12.5      17.1      32.7     205.8     253.7
    1448      3666      10.9      12.6      17.2      32.2     141.5     245.4
    1460      3778      11.3      13.5      17.9      32.8     177.3     251.7
    1472      3842      11.9      14.2      18.8      33.2     131.6     243.9
    1484      3787      11.8      13.8      18.5      32.7     173.6     261.6
    1497      3749      11.7      13.8      18.5      34.2     203.9     248.2
    1509      3699      11.8      13.9      18.7      34.8     180.5     397.8
    1521      3795      11.8      13.8      18.4      33.4     174.1     266.5
    1534      3733      11.6      13.9      19.0      38.4     223.5     248.7
    1547     10495      11.8      13.8      18.5      34.0     200.3     254.7
    1559     10253      11.8      13.8      18.6      33.9     170.4     231.4
    1572     10409      11.6      13.9      18.8      36.4     190.7     267.0
    1585     10215      11.6      13.8      18.8      33.9     178.2    6655.2
    1598     10224      11.8      13.9      18.4      33.1     187.4     246.4
    1611     10198      11.7      13.8      18.7      33.1     182.5     249.8
    1624     10440      11.8      13.9      18.5      35.1     194.4    1593.9
    1637     10384      11.8      13.8      18.6      33.3     185.0     269.4
    1651     10393      11.8      13.8      18.7      33.9     201.2     271.1
    1664     10218      11.8      13.9      18.9      35.4     198.5    1372.5
    1712      3765      11.9      13.9      18.5      34.1     196.9     240.5
    1762      3785      11.8      13.8      18.3      33.9     202.3     245.8
    1813      3660      11.9      14.0      18.9      33.6     178.9     252.8
    1865      3724      12.1      14.3      19.5      34.1     173.9     282.6
    1919      3852      12.1      14.4      19.5      36.6     242.4     300.8
    1975      3721      12.2      14.4      19.3      34.8     210.1    4683.6
    2032      3806      12.2      14.4      19.5      33.5     153.4     196.7
    2091      3684      12.2      14.5      19.5      33.8     151.6     217.3
    2152      3620      12.2      14.6      19.8      35.5     198.9     258.6
    2214      3899      12.2      14.7      19.9      35.3     225.1     267.6
    2311      4708      12.2      14.7      19.3      34.0     177.3    2419.5
    2412      4644      12.3      14.8      19.6      36.3     260.5     992.8
    2517      4556      12.6      15.0      19.9      34.9     214.8     246.7
    2627      4778      12.8      15.1      19.9      34.5     174.6    3354.5
    2742      4643      13.0      15.3      20.1      35.8     170.7     235.3
    2862      4712      13.3      15.6      20.4      34.2     143.5     209.3
    2987      4584      14.0      16.4      21.2      34.9     206.1     260.5
    3118      4748      14.0      16.5      21.3      35.8     222.0     263.0
    3254      4617      14.0      16.5      21.3      35.2     150.3     257.5
    3396      4631      14.2      16.8      21.5      35.2     231.2     259.5
    3544      4812      14.4      17.0      21.8      37.6     202.8     260.4
    3699      4735      14.5      17.1      22.3      37.6     185.5     259.5
    3861      4565      14.8      17.4      22.5      37.2     179.0     242.1
    4030      4624      15.2      17.7      22.7      36.9     154.4     236.6
    4206      4821      15.6      18.0      22.6      37.6     214.7     308.9
    4390      4767      15.9      18.4      23.3      39.4     186.8     256.0
    4582      4615      16.5      19.1      24.0      38.8     210.0     258.5
    4783      4725      16.7      19.4      24.4      40.4     172.2     255.2
    4992      4658      16.9      19.6      24.5      44.7     199.7     263.2
    5210      4666      17.1      19.7      24.6      41.3     252.8     262.0
    5427      7560      17.5      20.1      25.2      41.7     202.4     265.2
    5652      7465      18.1      20.6      25.3      42.1     209.8     295.5
    5887      7403      19.0      21.7      26.6      42.9     188.8    8105.8
    6132      7346      19.0      21.6      26.5      43.4     242.4    4793.7
    6387      7470      19.2      22.0      27.1      44.6     232.1     263.6
    6653      7421      19.5      22.2      27.4      43.2     192.2    6389.5
    6929      7394      20.1      22.7      28.0      46.8     209.2     313.8
    7217      7555      20.6      23.3      28.8      44.4     210.3     746.4
    7517      7478      21.4      24.2      29.6      44.4     193.7     271.3
    7830      7602      21.7      24.6      29.9      45.5     249.3    6675.4
    9012      6534      24.0      31.5      46.6      90.6     220.3     311.0
   10373      6680      28.6      36.7      51.6      93.1     251.1     475.8
   11939      6440      31.1      39.9      55.5      97.3     241.6     307.1
   13741      6612      33.9      43.2      58.8     103.4     281.4     325.1
   15816      6742      37.4      47.0      63.8     101.3     248.8     300.0
   18203      6550      41.2      54.7      81.4     143.4     292.3     434.3
   20952      6544      46.3      62.7      91.0     162.0     299.0     361.3
   24115      6528      51.8      68.8      99.5     163.1     302.4     354.6
   27756      6504      58.3      79.6     119.3     207.4     325.1     404.7
   31946      6493      65.5      90.0     133.3     226.0     348.6    8066.3
   32405      4765      66.8      91.1     133.0     215.9     342.8     377.5
   32871      4722      66.9      91.8     135.7     220.5     360.0     438.5
   33343      4689      68.0      92.6     137.1     231.4     334.2     374.2
   33822      4739      69.5      94.2     140.9     227.8     346.1     409.3
   34308      4748      69.8      95.0     140.4     225.0     363.2     427.8
   34801      4806      70.5      96.4     142.0     229.5     354.1     390.2
   35301      4670      72.1      99.2     151.0     268.0     382.2     517.9
   35808      4647      72.5      99.4     150.4     249.3     368.7     462.1
   36322      4680      73.4     100.8     152.8     268.4     353.7     412.4
   36844      4661      74.8     102.0     155.3     245.0     345.3     466.5
   37146      4791      75.0     103.5     157.3     275.7     364.2     478.1
   37450      4655      75.2     103.8     157.2     263.0     394.0    4329.4
   37756      4687      75.8     104.7     158.4     265.0     406.4     460.2
   38065      4767      76.3     105.4     158.7     269.4     381.8     478.9
   38377      4647      76.9     106.7     163.3     272.9     411.7     462.6
   38691      4715      77.4     107.0     158.4     292.7     382.9     697.4
   39007      4690      77.8     108.6     162.9     297.8     442.2     797.9
   39327      4694      78.5     108.9     164.1     281.5     373.0    8421.3
   39648      4627      79.3     108.9     165.3     283.0     401.9     441.9
   39973      4783      79.7     111.3     166.1     281.4     387.4     432.2
   40382      9372      79.8     111.1     166.6     279.2     423.3    8021.1
   40796      9191      81.1     112.6     170.2     284.2     392.0     496.4
   41214      9298      83.1     115.2     170.4     285.5     424.6    6090.3
   41636      9353      83.3     115.7     171.6     275.1     396.8     574.9
   42062      9452      84.0     115.7     172.4     284.2     388.9     718.0
   42493      9335      84.9     117.4     173.1     276.6     420.9    6708.3
   42928      9448      85.7     118.7     174.4     297.2     423.7    1535.5
   43367      9546      86.0     119.3     178.2     299.9     409.6     524.6
   43811      9497      86.5     119.9     177.7     287.0     432.8    5063.3
   44260      9490      87.7     121.5     185.8     323.2     460.3    1482.0
   44531     10416      87.6     123.5     187.6     320.8     453.5     816.9
   44804     10427      87.8     123.6     190.0     314.4     442.2    9467.0
   45079     10529      88.7     124.0     185.1     320.5     451.4     957.8
   45356     10217      89.1     124.6     187.1     337.8     472.3     671.1
   45634     10467      89.9     125.5     193.2     324.0     421.1     488.7
   45913     10347      89.9     126.0     190.8     322.6     441.5    6132.2
   46195     10171      90.4     126.3     192.7     320.6     445.2     588.4
   46478     10313      90.9     127.3     195.0     339.0     479.4     583.4
   46763     10316      91.3     128.2     193.2     330.3     440.7     561.8
   47050     10315      92.4     130.3     198.8     338.0     429.1     518.7
   47435     18825      92.8     130.5     198.7     335.5     467.5     939.5
   47823     18916      93.4     131.3     199.7     338.3     471.2    2896.6
   48215     18612      94.1     131.0     199.2     337.5     449.2     593.9
   48609     19058      95.0     133.4     202.2     341.5     485.2   11487.5
   49007     18920      95.4     134.3     204.3     347.6     452.2     664.0
   49408     18810      95.9     134.7     202.5     335.4     456.3     615.3
   49813     18572      97.2     135.5     202.9     348.9     484.5    5178.5
   50221     18691      97.9     137.2     205.6     344.3     502.7    7285.2
   50632     18791      98.4     138.1     208.7     343.4     444.6     636.3
   51046     18808      99.1     138.7     208.3     353.2     501.3    5451.4
   52097      3679     101.6     141.3     209.0     362.3     617.5    9780.7
   53169      3641     103.7     146.1     218.9     360.7     494.4     569.3
   54264      3648     105.3     149.9     224.0     385.7     527.0     710.6
   55381      3777     107.3     150.2     227.9     379.8     582.1     683.2
   56521      3647     109.1     153.9     238.2     406.2     579.3     618.4
   57684      3706     111.5     157.3     241.1     404.0     578.7     650.6
   58872      3726     113.9     158.9     247.3     401.3     581.7     665.1
   60084      3766     116.0     162.1     248.1     392.4     509.4     624.7
   61321      3728     117.9     165.2     250.5     395.3     538.5     580.0
   62583      3717     119.5     171.6     266.9     438.1     601.2     795.6
   63353      4651     121.9     172.6     262.4     440.5     597.0    1306.2
   64132      4620     122.5     175.0     265.7     415.9     609.6    1549.0
   64921      4624     124.6     175.1     265.4     452.4     692.5    3060.1
   65720      4737     125.4     178.8     269.2     430.9     565.6   11932.7
   66528      4691     127.2     180.0     269.8     438.6     604.2    8543.7
   67347      4708     128.3     182.1     278.1     429.0     623.9     751.4
   68175      4630     129.9     183.8     278.1     443.7     613.4    1692.3
   69014      4655     131.4     187.6     286.6     456.8     670.5    3261.4
   69863      4651     132.8     189.8     289.4     474.9     654.4     753.9
   70722      4644     134.8     191.9     293.8     507.5     778.7     953.7
   71156      4766     135.2     192.4     297.4     473.7     688.2     900.6
   71592      4690     135.8     193.2     293.8     469.0     687.3     792.2
   72031      4696     137.7     195.5     296.7     480.6     654.5    2335.1
   72473      4774     137.7     198.7     301.9     473.7     660.4     807.2
   72917      4686     137.7     196.4     303.0     508.2     685.7     722.9
   73364      4758     139.2     198.1     304.3     510.6     699.6    1045.8
   73814      4678     140.4     199.6     300.7     478.4     733.8     932.4
   74266      4597     140.5     200.7     307.8     494.4     692.6     920.9
   74722      4758     141.8     201.3     306.3     479.0     663.5    1784.0
   75180      4685     142.6     204.7     313.9     495.9     734.0     933.1
   75795     14863     143.1     205.3     310.1     497.3     651.1    4863.9
   76416     15071     144.4     206.5     312.9     504.2     678.5    1106.3
   77041     14899     145.3     207.3     314.2     500.6     663.1    1611.7
   77672     15016     146.6     209.2     317.6     501.9     695.4     846.4
   78307     14936     147.8     211.6     323.6     508.8     741.1     967.7
   78948     15030     148.6     213.2     323.2     500.6     671.5    9769.6
   79595     15188     150.1     215.2     330.9     543.8     736.2    1078.9
   80246     15035     151.0     217.1     328.9     520.6     733.4    2246.6
   80903     15029     152.5     218.2     333.0     545.1     768.1    1516.1
   81565     15016     153.1     220.0     338.6     545.7     747.0    1146.0
   83414      8451     156.7     226.2     344.6     555.8     767.4    1081.9
   85305      8501     160.4     230.7     354.5     553.8     739.2    1366.3
   87238      8461     163.4     235.4     360.4     569.6     842.8    1229.0
   89216      8533     167.5     241.3     368.2     575.8     785.7     972.6
   91238      8520     170.9     247.8     378.8     585.7     849.9    1483.4
   93306      8535     174.0     250.2     383.9     612.8     865.3    1135.4
   95421      8352     178.1     257.0     393.3     604.2     833.8    1118.4
   97584      8249     181.9     264.5     414.4     663.6     942.1    1075.6
   99796      8540     185.9     268.4     411.1     651.5     909.6    1322.8
  102058      8502     189.7     276.4     421.1     667.1     976.7    7601.0
  103313      4703     192.1     279.4     431.7     667.6     894.7    1376.6
  104584      4591     194.7     282.9     433.9     681.2     967.5    1269.8
  105871      4688     197.4     287.6     442.0     694.1    1015.6    3629.2
  107173      4724     199.3     290.9     441.8     704.7     905.8    4692.8
  108492      4486     201.2     292.1     444.9     718.5     953.1    1203.3
  109826      4615     203.2     299.6     462.3     710.7    1038.7    1224.9
  111177      4785     206.0     299.5     470.0     732.1     958.0    1258.1
  112545      4648     208.4     303.9     469.7     712.6     984.7    1253.1
  113929      4589     210.5     307.2     472.8     722.6    1048.2    1269.7
  115331      4608     213.6     311.6     485.4     738.3    1106.3    1423.7
  116988      4518     215.8     316.4     488.3     776.2    1201.7    1474.5
  118669      4579     218.5     322.1     492.6     750.9    1049.6    1309.9
  120373      4517     222.7     323.8     492.5     747.3    1033.2    4852.4
  122103      4633     225.2     329.5     506.5     805.1    1134.3    1394.9
  123857      4688     229.0     333.5     516.3     815.9    1283.8    8735.9
  125636      4687     231.0     339.5     522.1     827.2    1085.3    1180.0
  127441      4623     234.1     346.7     537.2     824.8    1063.7    1154.3
  129272      4607     238.3     349.4     540.3     806.4    1099.4    1297.0
  131129      4642     241.5     356.1     547.0     824.3    1310.1    4431.6
  133013      4473     243.8     361.4     562.4     830.5    1124.7    1207.9
  135199      4717     248.6     368.7     561.2     896.1    1262.5    1519.1
  137421      4752     252.1     375.2     572.4     888.4    1176.7    1360.9
  139679      4768     257.1     379.1     566.5     876.0    1089.6    5334.7
  141975      4737     259.8     385.9     598.5     973.0    1332.4    1418.0
  144308      4693     264.9     393.4     602.4     896.4    1250.7    1398.3
  146680      4732     268.3     396.1     603.4     925.2    1401.0    1882.0
  149091      4619     272.9     406.1     623.1     963.5    1413.2    1931.9
  151541      4712     277.9     412.4     626.5     958.5    1281.2   10795.8
  154032      4657     280.8     421.2     641.7    1003.5    1449.8    2053.8
  156563      4792     285.5     426.7     651.5    1034.5    1471.8    3147.4
  159136      4759     290.6     439.0     672.1    1011.5    1521.2    2254.9
  161752      4804     296.2     440.6     675.7    1046.6    1410.4   13355.2
  164410      4731     299.5     449.5     690.7    1035.3    1463.2   10082.6
  167112      4674     304.3     454.7     691.4    1092.8    1502.0    1787.8
  169859      4735     309.3     471.7     710.8    1087.9    1461.4    1629.0
  172651      4722     314.0     472.3     712.3    1148.4    1611.2    2208.0
  175488      4655     319.8     480.8     733.8    1088.1    1508.2    1696.7
  178373      4675     324.1     489.0     739.5    1156.4    1636.6    2061.6
  181304      4656     330.8     496.1     763.8    1172.8    1774.2    1919.4
  184284      4739     336.9     504.9     778.1    1234.7    1703.0    2169.8
  186932      4658     341.4     514.2     781.4    1221.0    1833.9    2917.0
  189618      4640     346.0     524.8     785.3    1203.2    1504.7    1661.9
  192343      4525     351.0     531.8     798.8    1216.0    1631.1    3267.3
  195107      4703     355.1     538.1     815.2    1258.2    1700.7    2209.7
  197911      4657     360.0     542.1     832.0    1242.8    1827.6    1928.0
  200755      4572     364.7     554.5     838.8    1321.6    1778.9   12876.8
  203640      4669     370.7     564.9     846.0    1288.9    1898.0    2150.9
  206566      4702     376.0     567.5     849.7    1349.3    1866.5    2665.2
  209535      4746     381.3     580.4     879.9    1332.6    1750.3   14439.9
  212546      4612     386.3     588.8     885.8    1327.7    1915.6    2077.3
  215160      4810     391.1     595.5     891.1    1392.2    1849.9    2797.8
  217805      4857     396.1     606.0     914.0    1371.4    1993.2    8472.3
  220484      4855     399.4     613.4     916.6    1417.2    1940.4    2262.9
  223195      4677     405.0     618.0     932.2    1444.2    2020.6    2477.9
  225940      4751     408.8     619.8     934.3    1459.5    2087.1    2692.8
  228718      4781     413.9     637.5     957.6    1409.7    2113.1    2962.3
  231530      4567     419.1     649.6     986.4    1523.8    2189.1    2266.1
  234377      4755     423.5     649.9     983.3    1508.6    2010.5    2270.3
  237259      4700     427.8     663.2    1008.0    1550.5    1921.4    2234.6
  240177      4776     434.8     664.8     990.6    1573.1    2135.9    2970.8
  244622      4621     442.1     686.1    1022.4    1527.7    2166.7    4028.8
  249150      4629     451.3     693.2    1041.2    1607.4    2345.6    3110.3
  253761      4610     459.0     709.3    1069.8    1673.2    2455.2    2739.2
  258458      4639     467.4     716.4    1069.2    1622.4    2304.1    5829.4
  263241      4719     476.5     742.4    1107.3    1663.5    2525.9   10020.3
  268113      4736     484.8     750.1    1129.2    1742.6    2347.8    2834.0
  273075      4693     492.5     768.3    1154.8    1716.1    2231.9    5386.5
  278129      4812     501.3     780.0    1175.6    1753.0    2631.1    3370.0
  283277      4718     510.6     795.1    1182.7    1708.5    2431.2    3315.8
  288520      4742     520.4     815.7    1201.1    1814.7    2628.1    2818.7
  302981      4663     546.0     851.4    1271.7    1989.0    2714.9   15438.8
  318166      4631     571.7     895.8    1335.7    2079.1    2682.2    3653.5
  334113      4701     600.4     944.8    1415.7    2164.1    2750.0    4158.3
  350858      4648     630.2     993.1    1476.4    2155.3    3317.5    3968.9
  368444      4814     661.9    1042.8    1559.8    2433.5    3445.9    4318.9
  386910      4633     693.2    1107.6    1619.7    2494.0    3525.4    4291.3
  406302      4673     731.0    1168.0    1731.0    2530.1    3859.0    4738.1
  426666      4718     766.6    1220.4    1825.4    2620.8    3315.5    4158.3
  448051      4719     802.8    1283.8    1901.5    2842.3    4001.5    4273.6
  470507      4708     844.3    1361.0    2007.5    2986.5    4174.0    5089.8
  492079      2751     885.2    1425.4    2132.1    3257.4    4086.6    4547.4
  514641      2820     922.3    1492.2    2178.4    3372.3    5322.8    7470.8
  538237      2744     968.2    1553.5    2263.9    3456.2    4425.4    4753.2
  562914      2849    1010.0    1625.8    2364.4    3471.9    5336.5    5805.8
  588723      2885    1056.8    1726.6    2513.2    3612.5    4873.6    5490.9
  615716      2818    1105.2    1796.9    2605.2    3729.4    5420.4    6837.7
  643946      2835    1150.7    1900.0    2826.7    4152.9    6460.9    6706.8
  673470      2857    1202.1    1981.9    2951.5    4339.4    5755.3    7235.8
  704348      2820    1254.7    2057.4    3049.3    4599.5    8177.9   10478.2
  736642      2873    1320.1    2156.7    3230.5    4786.6    6223.6   15342.2
  754877      1829    1348.3    2238.6    3267.8    4634.1    6205.8    6248.6
  773563      1794    1384.2    2282.9    3387.0    4627.0    6448.1    6555.4
  792711      1818    1418.4    2326.8    3442.7    5435.3    7075.4    7197.7
  812333      1871    1452.0    2412.3    3522.2    5190.0    6479.9    6631.7
  832442      1844    1494.3    2474.7    3609.8    5390.1    7582.4    8328.6
  853048      1891    1529.9    2564.7    3773.3    5577.0    7413.6    8313.7
  874164      1945    1569.9    2578.8    3803.8    5493.5    6909.6    8048.6
  895802      1913    1612.1    2684.2    4020.6    5950.1    7891.3    8268.8
  917977      1802    1658.3    2699.1    3919.7    5842.1    9724.2    9756.6
  940700      1829    1684.5    2809.2    4164.8    5983.5   10523.7   19975.0
 1002039      4768    1795.0    3018.7    4469.7    6463.7    9452.1   11661.0
 1067379      4622    1906.3    3178.9    4669.2    6803.3    9500.1   12014.6
 1136978      4543    2024.9    3422.7    5041.8    7218.0    9755.6   12285.6
 1211116      4659    2168.8    3661.1    5320.9    7697.8   10992.0   14334.3
 1290088      4702    2319.5    3905.1    5673.3    8096.9   10863.2   11995.9
 1374210      4676    2479.8    4189.2    6128.1    9205.3   11346.7   12295.2
 1463817      4688    2615.4    4525.9    6569.4    9446.6   13391.6   16311.8
 1559267      4708    2784.6    4788.6    6969.6   10017.2   13649.6   17181.8
 1660940      4653    3030.5    5136.9    7451.8   10711.3   14698.5   17831.1
 1769244      4538    3172.3    5480.4    7943.8   11176.9   16346.5   24057.2
 1805665      2881    3292.4    5635.8    8184.4   11719.2   15622.0   18166.6
 1842837      2752    3297.2    5761.5    8181.1   12066.2   17446.7   22739.8
 1880773      2882    3411.5    5836.4    8428.3   11888.3   18435.1   23051.5
 1919490      2777    3496.5    6040.2    8856.7   13234.8   18788.5   20642.5
 1959005      2778    3545.2    6010.9    8725.4   12481.0   17333.1   20000.6
 1999332      2861    3651.2    6229.2    9175.2   12693.7   19408.2   22463.9
 2040490      2903    3700.7    6364.1    9365.9   12795.8   17784.4   21895.9
 2082496      2797    3819.6    6595.4    9479.4   13860.0   18622.2   21883.9
 2125366      2822    3937.0    6718.9    9632.5   13387.3   17260.3   20111.7
 2169118      2808    4015.3    6791.5   10014.5   14171.6   20744.8   23789.3
 2527289      6488    4616.1    8066.2   11791.2   17330.6   23300.8   27239.7
 2944602      6715    5505.7    9565.7   13846.5   19870.1   25131.1   29990.8
 3430822      6573    6422.9   11077.0   16366.8   23352.1   33324.2   35303.9
 3997329      6610    7602.6   13322.5   19442.6   27414.3   38230.0   45580.1
 4657379      6542    8784.4   15541.0   22557.4   32091.4   41869.4   57240.7
 5426418      6491   10530.4   18364.6   26823.0   38710.7   54993.5   67399.4
 6322443      6568   12261.5   21845.2   31923.8   45280.2   56068.7   76996.7
 7366423      6664   14673.1   25721.7   37365.5   53544.7   75119.0   86397.7
 8582787      6534   17415.9   30238.1   44919.8   63779.0   91047.9  109857.5
10000000      6512   20263.8   35936.0   51955.8   75957.1  106083.7  135532.6

