# Generated by 'clusterperf.py echoWorkload'
#
#   Size   Samples       Min    Median       90%       99%     99.9%       Max
#-----------------------------------------------------------------------------
      53      4613       4.9      10.8      20.7      32.9     199.7     256.1
      56      4636       4.9      10.9      20.7      31.5     145.7     230.8
      60      4713       4.8      10.8      20.7      32.2     219.9     269.6
      64      4636       4.9      10.9      20.6      31.5     179.2     249.2
      68      4692       5.0      10.8      21.0      33.1     136.9     195.8
      72      4769       5.0      10.9      20.4      31.8     105.9     255.9
      77      4716       5.0      11.0      20.9      33.0     121.7     257.6
      81      4616       5.0      10.7      20.4      32.0     142.2     261.5
      87      4557       5.0      10.9      20.3      31.1     112.3     175.6
      92      4584       5.1      11.0      20.3      32.0     181.7    1575.0
     100      4691       5.3      10.9      20.7      32.4     135.0     251.5
     109      4784       5.3      10.9      20.8      32.5     227.0     258.6
     119      4705       5.3      10.9      20.7      31.0      86.6     270.9
     130      4677       5.4      11.0      20.5      30.4     190.2     263.4
     141      4774       5.4      11.0      21.0      35.6     217.6     266.2
     154      4615       5.5      10.9      20.6      32.3     184.9     240.6
     168      4715       5.5      11.1      21.0      32.4     164.2     269.6
     183      4630       5.6      11.0      20.6      31.7     170.8     227.3
     199      4715       5.7      11.1      20.9      31.1     148.9     256.1
     217      4814       5.7      11.1      20.8      32.7     199.8     237.9
     222     16478       5.7      11.2      20.9      33.0     172.4     257.5
     227     16330       5.8      11.1      20.9      31.8     165.8     260.8
     232     16259       5.8      11.2      20.9      32.3     184.4    2077.3
     237     16367       5.9      11.2      21.1      32.1     167.7     792.8
     243     16409       5.9      11.2      21.1      31.6     187.2    1552.6
     248     16323       5.8      11.2      21.0      32.4     170.7     388.3
     254     16547       5.8      11.2      20.8      32.1     166.4    4812.1
     259     16314       5.9      11.3      21.1      33.2     172.2     289.0
     265     16318       5.9      11.3      21.0      33.3     190.4     257.9
     271     16451       6.0      11.3      21.0      32.5     172.8     251.9
     274      6868       6.0      11.4      21.4      33.4     192.0     261.2
     277      6985       6.0      11.2      20.8      32.0     144.1     245.9
     279      6986       6.0      11.3      21.1      31.7     194.4    1064.6
     282      7209       6.0      11.3      21.0      31.2     119.6     261.6
     285      6838       6.0      11.4      21.1      35.0     212.6     275.3
     288      6966       6.0      11.3      21.0      33.3     148.7     253.2
     291      7059       6.1      11.4      21.2      32.0     135.8     255.5
     294      7036       6.0      11.4      21.3      33.2     225.0    2083.2
     297      7074       6.1      11.4      21.1      34.1     196.3     251.1
     300      7012       6.1      11.4      21.2      32.5     198.7     253.3
     303     53593       6.0      11.4      21.1      32.8     182.8     398.9
     305     54121       6.1      11.4      21.1      32.3     184.4    1578.3
     308     53737       6.0      11.4      21.1      32.7     155.9     786.3
     310     53498       6.1      11.4      21.2      32.9     166.4    4658.7
     313     53986       6.0      11.4      21.2      32.4     176.6     288.4
     315     53726       6.1      11.4      21.2      32.6     163.4    3163.9
     318     54160       6.1      11.5      21.2      32.9     180.7    1825.9
     321     54094       6.1      11.5      21.2      32.0     164.1     292.2
     323     53565       6.1      11.5      21.2      32.7     155.1    1841.8
     326     53756       6.0      11.4      21.1      32.4     184.1     390.7
     331     40691       6.2      11.5      21.3      32.4     145.2     440.9
     335     40942       6.2      11.6      21.2      32.9     188.3    1799.2
     340     40907       6.2      11.6      21.3      32.6     181.5     263.4
     345     40754       6.2      11.5      21.2      33.0     174.0     359.3
     350     41050       6.2      11.6      21.3      32.6     186.4    2292.7
     355     40905       6.3      11.6      21.4      32.6     176.6    6412.1
     360     41090       6.3      11.6      21.4      32.8     168.7     265.5
     365     41284       6.3      11.7      21.4      33.0     164.6    3165.7
     371     40963       6.4      11.7      21.4      32.7     146.8     404.4
     376     40923       6.3      11.7      21.4      32.3     159.0    2932.4
     381     12989       6.3      11.8      21.5      33.5     195.6     370.2
     385     12690       6.5      11.7      21.4      33.4     203.1     259.6
     390     12911       6.5      11.8      21.7      34.2     155.6     245.0
     395     12772       6.5      11.9      21.5      33.3     138.8    1581.0
     400     12880       6.6      11.9      21.6      33.0     181.3    1141.6
     405     12782       6.5      11.9      21.5      32.8     177.4     261.1
     410     12683       6.5      11.9      21.6      33.3     163.6     593.0
     415     12879       6.6      11.9      21.6      33.4     159.4     264.8
     420     13020       6.5      11.9      21.5      32.6     174.7     254.9
     425     12750       6.7      12.0      21.7      33.5     190.3     273.8
     430     25513       6.6      12.0      21.7      33.0     143.0    3096.6
     435     25480       6.6      12.0      21.7      32.5     163.8     288.1
     441     26068       6.7      12.0      21.7      33.3     185.9    1086.2
     446     26164       6.6      12.0      21.9      33.5     184.6    1565.9
     452     25912       6.7      12.1      22.0      33.2     196.5     439.1
     457     26083       6.7      12.0      21.7      33.7     183.5     329.7
     463     25761       6.7      12.1      21.7      33.4     174.3     267.4
     468     25879       6.7      12.1      21.9      33.9     166.1     272.1
     474     25693       6.8      12.1      21.9      33.3     151.6     265.8
     480     25834       6.8      12.2      21.8      33.5     166.9     256.0
     491    123366       6.8      12.2      21.9      33.1     164.8    1559.9
     502    123392       6.8      12.2      21.9      33.2     184.7    1416.5
     513    123194       7.0      12.3      22.0      33.5     152.7     416.4
     525    122951       7.0      12.3      22.0      33.6     162.4    4664.3
     537    122509       7.0      12.3      22.0      34.0     175.1     452.8
     549    122955       7.1      12.4      22.1      33.6     179.3    1994.5
     561    122966       7.1      12.4      22.1      33.6     174.1     464.5
     574    122536       7.1      12.4      22.1      33.9     166.9    1575.8
     587    123505       7.3      12.5      22.2      33.7     174.2    3172.0
     600    122962       7.3      12.4      22.2      33.8     174.2    2591.9
     607     36133       7.4      12.5      22.3      34.4     174.2    3101.1
     615     36423       7.4      12.5      22.2      33.1     150.4     494.6
     623     36154       7.5      12.5      22.1      33.5     187.2     264.1
     630     36445       7.4      12.6      22.4      33.9     181.8     338.4
     638     36203       7.5      12.6      22.3      33.6     177.8    3233.4
     646     36034       7.6      12.6      22.3      34.2     177.6    2865.8
     654     36431       7.5      12.6      22.4      33.6     147.3     427.4
     662     36516       7.6      12.6      22.4      34.0     156.3     290.8
     671     36267       7.5      12.7      22.4      34.0     176.4    1762.6
     679     36185       7.7      12.7      22.5      33.9     171.7     475.6
     685     22149       7.7      12.8      22.5      34.5     211.0     389.0
     690     22287       7.7      12.6      22.4      34.1     150.4    1711.5
     696     22262       7.8      12.7      22.3      33.2     185.0     409.0
     702     22141       7.8      12.7      22.4      33.6     160.0     275.4
     707     22361       7.8      12.8      22.4      33.4     173.8     390.5
     713     21976       7.9      12.8      22.4      34.0     204.1     287.0
     719     22199       7.8      12.8      22.6      35.1     177.5     435.2
     725     22321       7.9      12.8      22.6      35.0     212.9     623.2
     731     22227       8.0      12.8      22.6      34.8     195.9    3020.7
     737     22576       8.0      12.8      22.6      34.0     178.5     278.8
     743     15304       8.0      12.8      22.6      34.3     196.1    2777.2
     749     15371       8.0      12.9      22.6      34.1     153.4     261.4
     755     15251       8.0      13.0      22.6      34.3     166.1     273.2
     762     15261       8.1      12.9      22.8      35.5     194.7     260.2
     768     15116       8.2      12.9      22.4      34.5     172.7     257.9
     774     15423       8.1      13.0      22.6      34.2     160.6    2133.2
     781     15328       8.2      12.9      22.8      34.7     173.8     265.1
     787     15088       8.1      13.1      22.6      33.5     144.1     467.5
     793     15310       8.1      12.9      22.6      35.4     196.6     269.1
     800     15230       8.3      13.0      22.9      34.4     177.7     251.4
     808      9579       8.3      13.1      22.7      34.6     210.5     371.6
     816      9344       8.2      13.0      22.7      34.5     198.4     260.9
     825      9405       8.4      13.1      22.8      34.7     172.1     256.2
     833      9577       8.4      13.0      22.6      35.0     212.6     288.1
     841      9515       8.4      13.2      22.9      36.2     206.5    1856.9
     850      9228       8.4      13.2      22.8      36.1     192.0     259.6
     859      9418       8.5      13.1      22.8      34.1     179.2     261.0
     867      9545       8.5      13.1      22.6      34.2     174.9     266.4
     876      9204       8.6      13.3      22.7      34.3     120.7     254.3
     885      9488       8.6      13.3      22.9      37.0     182.6     262.3
     900     11600       8.6      13.4      22.9      33.7     139.7     246.7
     914     11483       8.6      13.4      23.0      34.6     209.5     401.0
     929     11451       8.8      13.3      23.1      33.5     181.3     258.8
     945     11808       8.8      13.5      23.1      35.0     185.4     261.8
     960     11612       8.9      13.5      23.1      34.0     189.6     261.8
     976     11705       9.0      13.5      23.2      34.1     192.9     263.2
     992     11625       9.0      13.6      23.2      36.0     185.4     278.7
    1009     11579       9.2      13.7      23.3      34.9     169.4     253.0
    1025     11551       9.2      13.7      23.2      35.9     182.8     260.1
    1042     11502       9.2      13.7      23.3      35.3     187.9     314.5
    1063     11676       9.3      13.8      23.5      35.3     205.9     891.8
    1085     11490       9.4      13.8      23.4      37.0     185.0     277.7
    1108     11789       9.5      14.0      23.5      36.2     191.9     282.1
    1130     11660       9.7      14.0      23.6      35.1     194.0    4843.6
    1154     11661       9.8      14.2      23.6      36.4     182.2    2177.5
    1177     11842       9.8      14.2      23.6      34.9     181.8     264.1
    1201     11703       9.8      14.3      23.9      34.9     152.7     388.4
    1226     11715      10.0      14.3      23.7      34.8     158.5    3095.4
    1251     11615      10.1      14.5      23.7      34.0     178.8     263.6
    1277     11600      10.2      14.5      23.9      36.0     141.9     469.6
    1290      6894      10.4      14.6      23.5      35.1     154.8    1478.0
    1303      7193      10.3      14.7      24.0      36.0     164.6     260.5
    1316      7091      10.3      14.6      24.1      36.0     195.0     280.9
    1330      7237      10.5      14.6      24.0      35.5     169.0     276.1
    1343      7093      10.5      14.8      23.9      35.0     141.8     275.0
    1357      6975      10.6      14.9      24.3      35.7     193.9     269.4
    1371      7131      10.6      14.9      24.1      35.0     143.5    1027.8
    1385      6995      10.7      14.9      24.0      36.1     150.6     355.5
    1399      7145      10.8      14.9      24.1      35.0     157.5     273.2
    1413      7069      10.8      15.0      24.1      35.1     191.9     265.9
    1425      4705      10.9      15.1      24.6      36.4     242.0    1845.0
    1436      4710      10.9      15.1      24.1      34.1     122.1     240.6
    1448      4736      10.9      15.1      24.2      35.5     175.1     264.2
    1460      4652      11.6      15.7      24.9      35.5     167.8     221.7
    1472      4758      12.1      16.5      25.8      36.3      98.8     217.0
    1484      4688      12.0      16.4      25.7      36.7     185.3     262.2
    1497      4695      11.9      16.4      25.7      41.8     206.1     264.6
    1509      4724      11.9      16.4      25.7      38.0     140.8    3190.7
    1521      4630      11.7      16.4      26.0      41.1     194.8     236.2
    1534      4597      11.8      16.5      25.8      37.5     153.2     269.0
    1547     12973      11.8      16.4      25.9      37.8     206.2     268.3
    1559     13023      11.9      16.3      25.9      38.3     192.4     880.4
    1572     13014      11.8      16.5      25.7      38.2     174.7     955.6
    1585     12870      11.8      16.5      25.9      39.5     170.1     264.1
    1598     12814      11.8      16.4      25.8      37.1     180.1     281.8
    1611     12896      11.8      16.4      25.6      36.8     209.8     270.7
    1624     12924      11.9      16.5      25.7      38.5     193.5     260.3
    1637     12994      11.8      16.5      26.0      37.8     126.8     252.4
    1651     13007      11.8      16.4      25.5      37.5     174.0    2680.4
    1664     12907      11.9      16.4      25.7      36.4     144.4     261.7
    1712      4670      12.0      16.5      25.8      38.2     144.9     199.9
    1762      4685      12.0      16.5      25.8      36.9     192.0     254.4
    1813      4668      12.1      16.8      25.9      36.6     156.1     310.0
    1865      4645      12.1      17.0      26.4      37.4     157.7     269.1
    1919      4551      12.2      17.3      26.4      37.5     151.1     248.9
    1975      4743      12.4      17.3      26.9      37.3     140.9     274.2
    2032      4779      12.3      17.2      26.3      36.1     119.4     254.6
    2091      4609      12.2      17.1      26.4      37.6     207.2    4801.0
    2152      4651      12.3      17.2      26.5      38.9     203.4     253.6
    2214      4626      12.3      17.4      26.6      37.2     122.7     249.8
    2311      5754      12.4      17.6      26.7      38.6     132.7     229.3
    2412      5759      12.5      17.5      27.1      42.0     189.3     357.0
    2517      5875      12.6      17.7      26.8      39.2     138.0     984.4
    2627      5818      12.9      17.8      27.1      38.3     185.3     259.4
    2742      5845      13.1      18.1      27.5      39.5     205.7     269.5
    2862      5933      13.5      18.2      27.7      40.1     241.2     274.6
    2987      5849      14.1      18.9      28.2      40.0     138.3     160.6
    3118      5871      13.9      19.0      28.1      39.1     225.7     275.7
    3254      5881      14.1      19.0      28.6      42.6     154.0     274.4
    3396      5870      14.4      19.5      28.8      39.8     175.5     268.5
    3544      5871      14.4      19.8      29.1      41.7     197.8     667.0
    3699      6015      14.6      19.8      29.3      41.1     176.2     277.3
    3861      5990      14.9      20.2      29.3      40.0     151.2     235.0
    4030      5926      15.3      20.4      29.8      42.1     143.0     229.1
    4206      5861      15.7      20.7      30.1      42.5     214.3     280.3
    4390      5797      16.0      21.0      30.5      43.1     210.3     271.1
    4582      5836      16.5      21.7      31.4      46.1     223.1     284.2
    4783      5925      16.7      22.0      31.1      42.7     196.6     274.5
    4992      5855      16.8      22.3      31.6      45.4     184.8     258.3
    5210      5959      17.1      22.5      31.7      47.3     230.0     280.2
    5427      9360      17.6      22.8      32.1      45.8     181.1     306.3
    5652      9317      18.1      23.1      32.6      46.2     156.9     288.7
    5887      9442      19.1      24.4      33.6      48.2     216.4    4672.3
    6132      9393      18.9      24.4      33.6      47.3     178.0     273.9
    6387      9476      19.3      25.0      34.1      47.6     225.1     277.9
    6653      9487      19.5      25.1      34.6      49.1     202.1     297.2
    6929      9448      20.1      25.4      34.8      49.2     168.4     287.4
    7217      9417      20.7      26.1      35.4      50.0     187.6     284.9
    7517      9453      21.4      26.9      36.3      52.1     233.7     300.6
    7830      9336      21.8      27.5      37.0      51.7     210.6     282.6
    9012      8413      24.1      41.7      69.5     101.0     251.6     304.1
   10373      8280      28.7      46.6      74.6     108.1     270.2     326.8
   11939      8272      31.2      50.3      77.6     108.5     252.7     528.6
   13741      7986      33.8      54.3      82.4     113.9     282.4     341.4
   15816      8305      37.6      58.0      86.2     117.7     290.4     330.7
   18203      8236      41.2      71.9     114.0     159.0     317.6     391.8
   20952      8394      46.8      80.6     123.8     171.0     305.4     406.6
   24115      8129      52.1      89.3     133.9     184.7     331.9     378.3
   27756      8089      58.4     103.7     158.1     220.1     336.4     413.9
   31946      8166      65.7     117.2     176.5     242.1     347.6     430.6
   32405      5831      66.9     119.0     178.9     243.3     373.1     472.2
   32871      5999      67.2     120.5     181.9     247.8     385.4     472.3
   33343      5727      68.5     120.8     181.4     245.3     377.0     465.0
   33822      5861      70.1     124.2     184.1     254.9     415.9     454.0
   34308      5912      69.9     123.9     182.7     247.8     375.3     454.9
   34801      5812      70.9     123.8     183.9     251.7     411.8     496.1
   35301      5840      72.2     130.7     200.9     271.9     379.7     883.7
   35808      5803      72.7     132.2     201.9     270.7     383.8     449.1
   36322      5840      73.3     133.6     205.1     283.4     442.5     701.1
   36844      5720      75.3     135.2     208.8     287.7     418.5     551.4
   37146      5800      75.3     136.7     211.9     291.1     423.6    4844.2
   37450      5898      75.5     138.6     209.8     291.2     367.6     468.6
   37756      5814      75.8     138.6     211.4     293.4     420.1    3055.2
   38065      5897      76.8     139.7     211.3     300.7     445.5     502.0
   38377      5837      77.6     141.6     214.0     291.3     449.2     630.7
   38691      5786      78.0     142.1     217.5     303.7     421.7     472.6
   39007      5860      78.0     142.3     217.8     294.3     422.7     473.4
   39327      5803      78.9     143.2     215.8     296.4     430.6     502.5
   39648      5783      79.4     143.0     218.5     293.4     403.9     566.9
   39973      5822      80.0     146.2     219.8     311.7     398.2     468.4
   40382     11666      80.7     146.3     222.3     305.7     439.0     560.7
   40796     11764      81.2     147.4     223.6     307.4     444.2     538.9
   41214     11723      83.6     150.7     225.7     313.9     406.2     511.9
   41636     11796      84.1     150.8     228.1     308.8     427.9     539.1
   42062     11755      83.8     152.6     229.1     315.2     435.0     526.1
   42493     11798      85.2     153.4     230.8     315.8     431.9     521.3
   42928     11858      86.1     155.1     232.1     318.4     439.9     544.9
   43367     11585      86.6     155.9     234.1     313.4     418.0     523.4
   43811     11501      86.7     157.2     234.2     315.8     435.2     534.1
   44260     11773      87.8     161.3     248.0     340.0     443.3     577.0
   44531     12757      88.0     162.2     249.0     342.2     465.9     656.7
   44804     12713      88.3     163.6     250.7     341.5     456.8     954.1
   45079     12808      88.7     162.4     250.4     345.3     465.6     891.4
   45356     12759      89.4     163.7     251.9     346.4     496.5    3458.4
   45634     12818      90.0     166.5     256.2     362.4     472.3     531.4
   45913     12757      90.4     166.7     255.8     349.6     441.1     571.5
   46195     12950      90.5     168.2     256.9     348.6     466.5     575.8
   46478     12635      91.2     168.8     258.5     353.3     465.4     612.0
   46763     12814      91.7     169.2     260.5     358.9     478.4     623.0
   47050     12704      92.8     170.9     263.0     363.3     472.3     918.6
   47435     23485      93.2     171.4     264.6     364.9     484.7     826.5
   47823     23513      93.5     173.1     264.1     361.0     483.6    2313.9
   48215     23700      94.4     173.3     265.7     365.7     483.4     682.3
   48609     23682      95.3     175.4     266.9     372.4     491.0     591.8
   49007     23361      95.7     177.0     270.9     378.9     492.4    2484.3
   49408     23572      96.3     177.7     270.4     369.7     481.9     668.5
   49813     23290      97.1     178.7     271.6     378.0     504.5     698.0
   50221     23452      97.9     180.5     274.6     379.0     495.4     819.6
   50632     23428      98.4     181.6     274.6     376.5     503.6     741.5
   51046     23638      99.3     182.8     276.3     376.4     490.9     660.4
   52097      4694     101.2     186.6     279.1     383.6     516.9     620.0
   53169      4584     104.4     190.1     292.7     415.9     590.6     651.4
   54264      4687     106.0     195.4     295.8     404.4     515.5     576.3
   55381      4629     107.4     197.8     304.4     407.4     493.9     669.8
   56521      4618     108.9     203.2     309.2     428.8     545.9     601.9
   57684      4779     111.6     206.4     316.0     434.2     554.5     616.5
   58872      4604     114.2     212.2     318.3     441.0     610.6     922.6
   60084      4721     115.4     215.5     326.6     440.6     679.9     813.0
   61321      4581     117.9     218.9     332.6     456.5     602.9     754.4
   62583      4626     120.0     224.3     336.9     459.2     602.1     663.8
   63353      5771     122.1     229.6     348.5     473.5     585.8     661.1
   64132      5946     123.3     230.2     352.3     485.4     633.6     749.1
   64921      5917     124.9     235.7     357.4     484.1     660.4     819.8
   65720      5797     125.4     235.8     360.6     493.3     632.0     829.3
   66528      5938     127.3     239.6     364.8     498.9     655.5     760.1
   67347      5824     128.2     241.7     366.0     504.0     667.4    5057.3
   68175      5816     130.3     246.8     369.6     502.4     643.1     803.5
   69014      5812     131.9     248.7     372.5     512.6     668.5    1344.5
   69863      5800     133.1     249.8     376.8     508.3     648.2     888.8
   70722      5915     134.8     254.8     388.3     537.1     667.2     997.8
   71156      5928     134.8     256.6     394.8     523.3     675.2    2046.2
   71592      5849     136.2     256.5     388.7     530.2     715.6     782.2
   72031      5750     138.0     260.4     393.8     548.8     694.8     806.1
   72473      5956     137.9     261.6     395.8     531.8     697.1     971.5
   72917      5767     138.1     263.9     401.2     552.9     646.0     959.6
   73364      5774     139.2     264.2     404.6     554.2     688.0     812.1
   73814      5866     140.3     264.3     403.9     550.3     773.3    1057.8
   74266      5894     140.9     268.5     408.7     557.2     691.0     891.6
   74722      5816     141.7     269.4     406.7     574.9     743.1     801.7
   75180      5887     142.6     271.9     414.6     564.3     738.3     819.8
   75795     18623     143.3     271.5     410.2     561.4     703.5    1076.0
   76416     18628     144.7     275.3     415.2     562.7     733.8     893.0
   77041     18859     145.1     275.9     417.2     569.5     720.1     895.9
   77672     18758     146.6     278.7     422.4     579.1     771.3     943.2
   78307     18694     147.8     281.8     425.3     579.5     742.9    1213.8
   78948     18756     148.3     284.2     427.1     581.2     732.1    1885.9
   79595     18953     150.0     287.1     438.4     598.0     768.0    1046.2
   80246     18768     150.6     289.2     440.1     596.1     775.0    1033.4
   80903     18663     152.6     291.9     445.3     601.3     743.7     930.0
   81565     18575     153.6     293.6     446.6     608.7     744.9    1060.3
   83414     10676     156.9     301.1     460.4     621.4     799.8     965.2
   85305     10545     161.0     307.9     466.4     629.9     827.1    1299.3
   87238     10643     163.7     313.3     477.2     646.1     823.4     940.9
   89216     10833     168.0     320.9     485.1     658.8     882.8    1056.7
   91238     10484     171.3     329.3     502.4     668.3     885.9    2225.6
   93306     10678     174.6     335.9     515.1     709.2     951.6    1113.1
   95421     10669     177.9     342.3     520.3     698.9     939.7    1059.2
   97584     10564     181.9     352.6     536.7     736.4     895.8    1196.8
   99796     10496     186.4     359.1     544.9     737.3     888.1    1095.9
  102058     10708     189.2     365.4     551.3     753.8     946.8    1280.9
  103313      5879     192.8     371.8     563.1     766.2     939.9    1224.5
  104584      5650     195.0     377.7     576.4     786.2     952.1    1286.2
  105871      5892     197.6     380.5     576.9     785.6    1068.7    1164.8
  107173      5877     200.7     386.4     581.8     788.2    1013.0    3688.6
  108492      5812     203.0     393.5     593.4     799.4    1050.0    1162.0
  109826      5719     204.4     397.5     601.9     840.8    1113.9    1332.6
  111177      5763     207.8     401.1     601.8     841.2    1070.3    1250.3
  112545      5745     210.4     403.8     611.6     849.3    1085.9    1334.8
  113929      5862     212.4     412.6     632.8     863.2    1199.5    1686.1
  115331      5837     215.0     413.4     632.3     853.9    1073.7    1383.2
  116988      5792     217.1     423.2     640.6     879.6    1108.3    1337.2
  118669      5825     220.7     426.6     649.7     877.7    1134.2    1791.8
  120373      5872     223.9     437.2     655.8     901.3    1224.4    6863.5
  122103      5872     227.2     445.8     672.9     922.8    1314.4    1450.5
  123857      5816     230.1     448.5     676.3     928.3    1110.3    1464.1
  125636      5973     232.8     454.6     686.7     924.8    1216.8    1741.2
  127441      5836     235.6     461.3     702.4     952.0    1267.4    1581.7
  129272      5758     239.9     471.0     706.7     956.5    1277.1    1656.1
  131129      5949     243.9     482.5     722.9     995.8    1284.8    2805.4
  133013      5802     246.4     482.7     740.9    1001.9    1346.9    2682.6
  135199      5867     249.5     488.1     738.6    1051.4    1371.0    1674.7
  137421      5815     253.9     498.0     764.3    1032.7    1340.5    2367.5
  139679      5967     259.1     505.1     767.4    1056.4    1389.0    1640.9
  141975      5914     262.4     518.7     787.5    1052.2    1469.8    1767.8
  144308      5997     266.1     528.0     794.2    1059.6    1324.4    1880.4
  146680      5868     270.7     538.6     807.5    1123.3    1493.8    1799.9
  149091      6004     275.1     540.4     820.8    1113.4    1449.1    1664.5
  151541      5879     280.5     555.1     834.0    1165.6    1575.5    1776.8
  154032      5954     283.2     561.0     855.3    1152.1    1451.1    1653.0
  156563      5810     286.9     575.5     861.4    1173.7    1601.9    3392.4
  159136      5762     292.8     587.5     878.3    1196.3    1598.8    1971.7
  161752      5834     298.2     593.9     892.8    1211.7    1678.7    2092.9
  164410      5977     301.0     603.4     914.2    1235.5    1578.6    1802.4
  167112      5837     305.8     614.7     930.4    1270.6    1599.8    2306.5
  169859      5719     309.9     627.8     936.7    1252.2    1699.7    2142.9
  172651      5887     316.3     631.5     955.1    1330.6    1606.7    2192.0
  175488      5841     320.8     645.8     971.8    1332.2    1718.9    2451.5
  178373      5691     325.2     658.3     984.2    1354.3    1999.2    2271.0
  181304      5945     333.2     666.5     992.2    1332.2    1699.4    2054.2
  184284      5903     338.8     681.1    1033.6    1393.4    1874.0    2296.7
  186932      5775     340.8     689.1    1030.9    1356.8    1773.2    2069.7
  189618      5669     344.5     699.2    1045.1    1430.2    1869.7    2469.3
  192343      5815     350.4     703.9    1058.5    1458.5    1882.6    2629.7
  195107      5867     355.8     721.3    1092.2    1525.3    1964.8    2633.0
  197911      5681     359.7     729.8    1109.5    1495.8    1936.1    2009.0
  200755      5817     366.7     743.1    1104.6    1513.2    2072.1    2268.5
  203640      5957     370.6     755.6    1132.8    1528.6    1992.6    2658.7
  206566      5849     374.7     765.9    1148.7    1581.6    2164.2    2962.9
  209535      5784     382.9     776.3    1152.2    1614.2    2248.9    2755.4
  212546      5703     385.2     791.4    1187.0    1640.7    2143.4    2756.7
  215160      5854     391.8     803.4    1198.8    1638.8    2093.2    2874.2
  217805      5861     396.6     810.5    1218.4    1685.5    2109.8    2639.5
  220484      5869     401.4     816.8    1237.3    1668.5    2054.8    2828.8
  223195      5808     407.4     830.2    1248.1    1682.1    2081.8    2715.9
  225940      5883     412.0     848.1    1257.3    1742.4    2264.0    2748.0
  228718      5767     417.3     859.5    1290.5    1735.5    2162.4    2367.0
  231530      5900     421.3     869.6    1300.9    1740.9    2296.0    2924.6
  234377      5870     429.1     887.5    1326.0    1807.6    2317.6    4586.4
  237259      5822     431.7     887.0    1336.8    1816.9    2336.1    2637.4
  240177      5902     438.4     893.5    1336.8    1829.6    2493.9    3087.8
  244622      5764     446.5     921.7    1367.5    1900.2    2483.1    2977.0
  249150      5629     453.4     937.1    1404.0    1924.9    2530.8    3037.0
  253761      5807     461.0     955.3    1423.8    1914.1    2321.9    2699.8
  258458      5850     471.6     964.4    1445.4    1976.3    2485.3    3209.0
  263241      5828     479.1     990.1    1480.0    2006.5    2614.6    2782.9
  268113      5852     486.6    1009.5    1531.2    2022.5    2736.6    3335.5
  273075      5811     495.7    1033.1    1553.1    2096.8    2671.7    3766.8
  278129      5962     506.6    1047.0    1546.2    2164.2    2608.8    3745.8
  283277      5942     516.9    1072.3    1613.0    2229.3    2879.1    4571.2
  288520      5916     523.4    1080.0    1604.1    2193.3    2786.0    4233.8
  302981      5783     548.4    1151.9    1698.2    2338.7    3104.5    4802.9
  318166      5875     574.8    1214.9    1807.4    2506.3    3063.5    3637.4
  334113      5815     603.9    1269.3    1889.0    2562.8    3259.8    4605.1
  350858      5914     634.6    1350.0    2006.6    2676.3    3433.0    3642.3
  368444      5789     672.1    1404.4    2097.6    2872.8    4062.8    5017.5
  386910      5802     706.4    1484.2    2216.8    3118.8    4036.9    5004.7
  406302      5818     732.5    1558.1    2337.1    3240.7    4093.4    4562.5
  426666      5975     774.1    1653.2    2472.8    3432.2    4383.9    4846.4
  448051      5832     813.1    1735.1    2573.4    3585.7    4733.9    5465.5
  470507      5804     851.8    1844.3    2740.5    3734.8    5399.7    6047.6
  492079      3500     891.6    1927.5    2845.5    3886.4    4730.0    5144.3
  514641      3657     924.5    2044.4    3023.9    4431.3    5851.6    6148.1
  538237      3487     996.1    2127.7    3169.8    4223.9    5598.8    6320.7
  562914      3629    1028.9    2208.7    3268.4    4355.1    5523.6    7736.7
  588723      3500    1072.0    2320.3    3400.8    4818.9    6415.3    7018.0
  615716      3552    1130.8    2462.5    3624.9    5046.7    6878.0    8077.5
  643946      3522    1187.5    2579.4    3810.3    5255.3    6505.3    7654.8
  673470      3656    1213.3    2711.7    4025.4    5602.7    8004.9    8613.6
  704348      3578    1265.4    2814.0    4150.4    5998.6    7128.2    9530.4
  736642      3552    1336.8    2978.8    4371.9    6186.4    8106.6    9941.1
  754877      2363    1427.3    3125.9    4558.1    6428.6    7681.7    8319.6
  773563      2397    1404.2    3161.3    4644.3    6476.2    8409.7    9096.5
  792711      2333    1447.8    3247.6    4685.7    6526.6    8538.3   20090.8
  812333      2332    1491.1    3317.8    5014.3    6883.2    9386.8    9954.4
  832442      2379    1574.1    3400.7    5077.0    6779.8    8924.4   12496.6
  853048      2432    1682.2    3462.6    5132.5    7035.4    9812.3   12009.8
  874164      2278    1719.7    3589.8    5251.2    7535.6    8806.0   13188.9
  895802      2427    1702.9    3650.6    5480.1    8296.4    9934.8   12237.9
  917977      2343    1764.5    3799.4    5660.9    8127.6    9873.0   15551.5
  940700      2431    1774.2    3857.6    5671.8    8297.0   11428.2   12564.0
 1002039      5868    1849.3    4174.4    6164.8    8680.0   11906.9   14162.5
 1067379      5891    1963.5    4509.2    6710.6    9447.9   12097.4   15392.5
 1136978      5984    2204.3    4755.6    7076.6   10006.7   12627.4   14613.4
 1211116      5840    2242.0    5134.5    7684.3   10991.0   14603.2   18418.0
 1290088      5884    2358.2    5478.4    8222.1   12001.6   15004.4   18613.9
 1374210      5916    2510.6    5916.5    8808.0   12764.7   16470.4   19087.3
 1463817      5777    2842.5    6346.8    9441.9   13497.7   16881.5   19589.5
 1559267      5909    3072.8    6786.9   10147.1   15073.3   18930.3   23913.0
 1660940      5772    3233.4    7257.4   10984.6   15859.9   21917.2   32810.4
 1769244      5769    3269.9    7839.8   11643.0   17312.4   26594.3   30145.3
 1805665      3618    3661.0    7973.9   11949.4   17170.6   21752.8   24345.6
 1842837      3533    3503.1    8114.6   12320.7   17451.2   23405.6   24437.0
 1880773      3556    3763.5    8349.7   12886.0   18296.7   22661.0   25939.6
 1919490      3566    4018.2    8554.6   12861.8   18288.0   23907.1   26556.0
 1959005      3539    3808.9    8797.4   13348.1   19754.6   26783.5   39079.7
 1999332      3615    4025.6    8961.3   13592.3   19169.0   24651.0   26356.7
 2040490      3406    3969.8    9134.4   14066.7   21269.1   26980.2   31609.8
 2082496      3553    4041.5    9406.0   14128.8   20729.9   26323.5   36475.3
 2125366      3570    4157.9    9665.1   14531.2   21374.0   29469.9   35686.5
 2169118      3531    4111.0    9773.9   14756.9   22273.5   28674.0   32194.8
 2527289      8170    4923.7   11732.3   17986.7   27018.0   36271.8   43731.2
 2944602      8142    5981.8   14146.3   21858.1   32152.6   42534.1   52810.0
 3430822      8127    7063.4   16921.2   26340.6   38521.7   51929.3   69738.3
 3997329      8296    8167.5   20231.1   31905.8   46782.0   60348.9   79811.6
 4657379      8221   10203.2   24287.1   38993.0   58740.2   74563.4   89295.8
 5426418      8103   11825.5   29262.4   47675.6   70746.2   96730.0  136169.2
 6322443      8262   14399.6   35050.7   57155.0   89571.8  118172.7  165407.2
 7366423      8319   17971.8   41530.9   67942.7  106800.3  149054.6  185504.2
 8582787      8192   19477.6   50480.8   83600.5  134785.6  179587.5  262309.4
10000000      8236   23233.8   60382.2  102893.9  172111.2  232069.8  279345.5
**** client1.ms0812.log:
1487748334.498518262 HomaTransport.cc:1722 in checkTimeouts WARNING[1]: client rpc starved of grant, sequence 119574, grantOffset 8820
1487748335.244619298 HomaTransport.cc:1684 in checkTimeouts WARNING[1]: aborting ECHO RPC to server 14:58:d0:58:5f:f3, sequence 122846: timeout
1487748349.106925441 HomaTransport.cc:1722 in checkTimeouts WARNING[1]: client rpc starved of grant, sequence 196228, grantOffset 2060940
1487748380.704002537 HomaTransport.cc:1722 in checkTimeouts WARNING[1]: client rpc starved of grant, sequence 362242, grantOffset 8820
1487748391.557917027 HomaTransport.cc:1722 in checkTimeouts WARNING[1]: client rpc starved of grant, sequence 419099, grantOffset 2190300
1487748448.222860434 HomaTransport.cc:1722 in checkTimeouts WARNING[1]: client rpc starved of grant, sequence 716716, grantOffset 8820
1487748454.086003446 HomaTransport.cc:1722 in checkTimeouts WARNING[1]: client rpc starved of grant, sequence 747337, grantOffset 5660970
1487748472.001073721 HomaTransport.cc:1722 in checkTimeouts WARNING[1]: client rpc starved of grant, sequence 841645, grantOffset 1968330
1487748492.060270036 HomaTransport.cc:1722 in checkTimeouts WARNING[1]: client rpc starved of grant, sequence 946794, grantOffset 6376860
1487748530.789005556 HomaTransport.cc:1722 in checkTimeouts WARNING[1]: client rpc starved of grant, sequence 1150328, grantOffset 2078580
1487748533.097284261 HomaTransport.cc:1722 in checkTimeouts WARNING[1]: client rpc starved of grant, sequence 1162445, grantOffset 1171590
1487748544.233175077 HomaTransport.cc:1722 in checkTimeouts WARNING[1]: client rpc starved of grant, sequence 1220875, grantOffset 8820
1487748547.549829924 HomaTransport.cc:1722 in checkTimeouts WARNING[1]: client rpc starved of grant, sequence 1238126, grantOffset 1556730
**** server3.ms0808.log:
1487748428.474034655 HomaTransport.cc:1779 in checkTimeouts WARNING[1]: server rpc starved of grant, sequence 613577, grantOffset 5837370
1487748480.621663294 HomaTransport.cc:1779 in checkTimeouts WARNING[1]: server rpc starved of grant, sequence 887518, grantOffset 2745960
1487748483.245061514 HomaTransport.cc:1779 in checkTimeouts WARNING[1]: server rpc starved of grant, sequence 901457, grantOffset 5456640
1487748494.287091766 HomaTransport.cc:1779 in checkTimeouts WARNING[1]: server rpc starved of grant, sequence 959694, grantOffset 8820
1487748495.753615309 HomaTransport.cc:1779 in checkTimeouts WARNING[1]: server rpc starved of grant, sequence 967582, grantOffset 8820
1487748540.099604298 HomaTransport.cc:1779 in checkTimeouts WARNING[1]: server rpc starved of grant, sequence 1202045, grantOffset 1196580
1487748603.350015682 HomaTransport.cc:1779 in checkTimeouts WARNING[1]: server rpc starved of grant, sequence 1534580, grantOffset 4145400
**** server4.ms0811.log:
1487748312.036563482 HomaTransport.cc:1779 in checkTimeouts WARNING[1]: server rpc starved of grant, sequence 1597, grantOffset 546840
1487748316.468636674 HomaTransport.cc:1779 in checkTimeouts WARNING[1]: server rpc starved of grant, sequence 25050, grantOffset 8820
1487748317.600761616 HomaTransport.cc:1779 in checkTimeouts WARNING[1]: server rpc starved of grant, sequence 30834, grantOffset 696780
1487748329.932753026 HomaTransport.cc:1779 in checkTimeouts WARNING[1]: server rpc starved of grant, sequence 95972, grantOffset 3852870
1487748342.151517428 HomaTransport.cc:1779 in checkTimeouts WARNING[1]: server rpc starved of grant, sequence 160667, grantOffset 2134440
1487748376.471130112 HomaTransport.cc:1779 in checkTimeouts WARNING[1]: server rpc starved of grant, sequence 341478, grantOffset 8820
1487748423.032671632 HomaTransport.cc:1779 in checkTimeouts WARNING[1]: server rpc starved of grant, sequence 586317, grantOffset 645330
1487748423.470899647 HomaTransport.cc:1779 in checkTimeouts WARNING[1]: server rpc starved of grant, sequence 588596, grantOffset 3469200
1487748447.783099341 HomaTransport.cc:1779 in checkTimeouts WARNING[1]: server rpc starved of grant, sequence 716365, grantOffset 1421490
1487748449.411743952 HomaTransport.cc:1779 in checkTimeouts WARNING[1]: server rpc starved of grant, sequence 724981, grantOffset 8514240
1487748523.872639710 HomaTransport.cc:1779 in checkTimeouts WARNING[1]: server rpc starved of grant, sequence 1114744, grantOffset 7967400
1487748546.841223027 HomaTransport.cc:1779 in checkTimeouts WARNING[1]: server rpc starved of grant, sequence 1235454, grantOffset 8820
1487748554.655846542 HomaTransport.cc:1779 in checkTimeouts WARNING[1]: server rpc starved of grant, sequence 1276472, grantOffset 122010
1487748564.819131028 HomaTransport.cc:1779 in checkTimeouts WARNING[1]: server rpc starved of grant, sequence 1329999, grantOffset 3379530
1487748567.419959841 HomaTransport.cc:1779 in checkTimeouts WARNING[1]: server rpc starved of grant, sequence 1343614, grantOffset 2159430
1487748584.941870020 HomaTransport.cc:1779 in checkTimeouts WARNING[1]: server rpc starved of grant, sequence 1435991, grantOffset 2091810
1487748585.307919312 HomaTransport.cc:1779 in checkTimeouts WARNING[1]: server rpc starved of grant, sequence 1437946, grantOffset 8820
**** client2.ms0813.log:
1487748323.161612644 HomaTransport.cc:1722 in checkTimeouts WARNING[1]: client rpc starved of grant, sequence 59688, grantOffset 3166380
1487748351.134884337 HomaTransport.cc:1722 in checkTimeouts WARNING[1]: client rpc starved of grant, sequence 206819, grantOffset 908460
1487748377.117455536 HomaTransport.cc:1722 in checkTimeouts WARNING[1]: client rpc starved of grant, sequence 343058, grantOffset 1365630
1487748389.466836959 HomaTransport.cc:1722 in checkTimeouts WARNING[1]: client rpc starved of grant, sequence 408128, grantOffset 8820
1487748413.218432277 HomaTransport.cc:1722 in checkTimeouts WARNING[1]: client rpc starved of grant, sequence 532749, grantOffset 2438730
1487748455.521231299 HomaTransport.cc:1722 in checkTimeouts WARNING[1]: client rpc starved of grant, sequence 754947, grantOffset 8820
1487748462.407263744 HomaTransport.cc:1722 in checkTimeouts WARNING[1]: client rpc starved of grant, sequence 791123, grantOffset 942270
1487748508.370893501 HomaTransport.cc:1722 in checkTimeouts WARNING[1]: client rpc starved of grant, sequence 1032504, grantOffset 1271550
1487748523.985275900 HomaTransport.cc:1722 in checkTimeouts WARNING[1]: client rpc starved of grant, sequence 1114357, grantOffset 8820
1487748527.772263370 HomaTransport.cc:1722 in checkTimeouts WARNING[1]: client rpc starved of grant, sequence 1134166, grantOffset 2107980
1487748531.451170620 HomaTransport.cc:1722 in checkTimeouts WARNING[1]: client rpc starved of grant, sequence 1153525, grantOffset 515970
1487748531.715268942 HomaTransport.cc:1722 in checkTimeouts WARNING[1]: client rpc starved of grant, sequence 1154700, grantOffset 3627960
1487748543.962535330 HomaTransport.cc:1722 in checkTimeouts WARNING[1]: client rpc starved of grant, sequence 1219362, grantOffset 2474010
1487748550.646260502 HomaTransport.cc:1722 in checkTimeouts WARNING[1]: client rpc starved of grant, sequence 1254512, grantOffset 8820
**** server2.ms0807.log:
1487748346.144158348 HomaTransport.cc:1779 in checkTimeouts WARNING[1]: server rpc starved of grant, sequence 180492, grantOffset 2150610
1487748372.033218845 HomaTransport.cc:1779 in checkTimeouts WARNING[1]: server rpc starved of grant, sequence 316812, grantOffset 8820
1487748522.267656985 HomaTransport.cc:1779 in checkTimeouts WARNING[1]: server rpc starved of grant, sequence 1108201, grantOffset 8820
1487748559.179191434 HomaTransport.cc:1779 in checkTimeouts WARNING[1]: server rpc starved of grant, sequence 1302238, grantOffset 3220770
1487748580.197080616 HomaTransport.cc:1779 in checkTimeouts WARNING[1]: server rpc starved of grant, sequence 1412676, grantOffset 8820
1487748586.621575342 HomaTransport.cc:1779 in checkTimeouts WARNING[1]: server rpc starved of grant, sequence 1446517, grantOffset 8820
1487748601.250877457 HomaTransport.cc:1779 in checkTimeouts WARNING[1]: server rpc starved of grant, sequence 1523430, grantOffset 2196180
1487748605.052015155 HomaTransport.cc:1779 in checkTimeouts WARNING[1]: server rpc starved of grant, sequence 1543526, grantOffset 363090
**** server1.ms0806.log:
1487748392.453201576 HomaTransport.cc:1779 in checkTimeouts WARNING[1]: server rpc starved of grant, sequence 423496, grantOffset 8820
1487748431.761361964 HomaTransport.cc:1779 in checkTimeouts WARNING[1]: server rpc starved of grant, sequence 630133, grantOffset 1008420
1487748459.074997208 HomaTransport.cc:1779 in checkTimeouts WARNING[1]: server rpc starved of grant, sequence 773814, grantOffset 8820
1487748508.563055823 HomaTransport.cc:1779 in checkTimeouts WARNING[1]: server rpc starved of grant, sequence 1034633, grantOffset 147000
1487748521.867737718 HomaTransport.cc:1779 in checkTimeouts WARNING[1]: server rpc starved of grant, sequence 1104237, grantOffset 2759190
1487748525.254986120 HomaTransport.cc:1779 in checkTimeouts WARNING[1]: server rpc starved of grant, sequence 1122022, grantOffset 32340
1487748575.776969170 HomaTransport.cc:1779 in checkTimeouts WARNING[1]: server rpc starved of grant, sequence 1387530, grantOffset 1293600
1487748595.789479771 HomaTransport.cc:1779 in checkTimeouts WARNING[1]: server rpc starved of grant, sequence 1492495, grantOffset 1290660
1487748597.881039304 HomaTransport.cc:1779 in checkTimeouts WARNING[1]: server rpc starved of grant, sequence 1503350, grantOffset 1565550
**** client3.ms0814.log:
1487748331.573175660 HomaTransport.cc:1684 in checkTimeouts WARNING[1]: aborting ECHO RPC to server ec:b1:d7:85:7a:63, sequence 103567: timeout
1487748351.443654290 HomaTransport.cc:1722 in checkTimeouts WARNING[1]: client rpc starved of grant, sequence 208470, grantOffset 4180680
1487748360.160070978 HomaTransport.cc:1722 in checkTimeouts WARNING[1]: client rpc starved of grant, sequence 254271, grantOffset 1793400
1487748360.424134486 HomaTransport.cc:1722 in checkTimeouts WARNING[1]: client rpc starved of grant, sequence 255744, grantOffset 8820
1487748449.883804810 HomaTransport.cc:1722 in checkTimeouts WARNING[1]: client rpc starved of grant, sequence 725493, grantOffset 8820
1487748542.588657905 HomaTransport.cc:1722 in checkTimeouts WARNING[1]: client rpc starved of grant, sequence 1212247, grantOffset 3181080
1487748580.927911973 HomaTransport.cc:1722 in checkTimeouts WARNING[1]: client rpc starved of grant, sequence 1413258, grantOffset 5394900
**** client4.ms0815.log:
1487748330.136310864 HomaTransport.cc:1722 in checkTimeouts WARNING[1]: client rpc starved of grant, sequence 96402, grantOffset 1137780
1487748350.326356792 HomaTransport.cc:1722 in checkTimeouts WARNING[1]: client rpc starved of grant, sequence 202599, grantOffset 8820
1487748372.435947943 HomaTransport.cc:1722 in checkTimeouts WARNING[1]: client rpc starved of grant, sequence 318601, grantOffset 2984100
1487748379.717079256 HomaTransport.cc:1722 in checkTimeouts WARNING[1]: client rpc starved of grant, sequence 356825, grantOffset 1278900
1487748380.401374541 HomaTransport.cc:1722 in checkTimeouts WARNING[1]: client rpc starved of grant, sequence 360411, grantOffset 1220100
1487748430.392109024 HomaTransport.cc:1722 in checkTimeouts WARNING[1]: client rpc starved of grant, sequence 622787, grantOffset 2093280
1487748479.046769508 HomaTransport.cc:1722 in checkTimeouts WARNING[1]: client rpc starved of grant, sequence 878446, grantOffset 1837500
1487748483.951628771 HomaTransport.cc:1722 in checkTimeouts WARNING[1]: client rpc starved of grant, sequence 904294, grantOffset 884940
1487748530.990691603 HomaTransport.cc:1722 in checkTimeouts WARNING[1]: client rpc starved of grant, sequence 1151367, grantOffset 8820
1487748552.269072795 HomaTransport.cc:1722 in checkTimeouts WARNING[1]: client rpc starved of grant, sequence 1263061, grantOffset 8820
1487748566.367798669 HomaTransport.cc:1722 in checkTimeouts WARNING[1]: client rpc starved of grant, sequence 1337074, grantOffset 8820
1487748590.488546786 HomaTransport.cc:1722 in checkTimeouts WARNING[1]: client rpc starved of grant, sequence 1463776, grantOffset 1634640
1487748598.341879735 HomaTransport.cc:1722 in checkTimeouts WARNING[1]: client rpc starved of grant, sequence 1505076, grantOffset 8820
1487748608.431655194 HomaTransport.cc:1722 in checkTimeouts WARNING[1]: client rpc starved of grant, sequence 1557710, grantOffset 8820

