# Generated by 'clusterperf.py echoWorkload'
#
#   Size   Samples       Min    Median       90%       99%     99.9%       Max
#-----------------------------------------------------------------------------
      53      4602       4.8      11.2      25.9      45.4     168.0     255.4
      56      4719       4.9      11.3      26.5      46.8     219.5    2503.3
      60      4676       5.0      11.1      25.4      52.8     202.2     275.2
      64      4734       5.0      11.2      25.6      50.2     247.9     276.6
      68      4588       4.9      11.2      25.7      46.6     180.0     228.3
      72      4655       5.0      11.2      25.2      44.8     175.4     238.7
      77      4646       5.0      11.2      25.7      45.6     176.2     731.0
      81      4756       4.9      11.2      25.6      47.1     225.0     258.1
      87      4709       5.0      11.2      25.0      44.8     185.4     252.6
      92      4694       5.1      11.5      25.4      46.0     188.2     249.6
     100      4639       5.3      11.4      25.8      50.8     200.4     259.4
     109      4769       5.3      11.5      26.3      52.6     247.7    4859.8
     119      4838       5.3      11.5      25.6      47.5     181.9     213.3
     130      4789       5.5      11.6      25.9      45.2     186.2     255.0
     141      4711       5.5      11.5      26.1      47.9     205.4     275.0
     154      4707       5.5      11.5      26.2      50.2     228.5     275.7
     168      4738       5.6      11.6      26.2      48.8     188.3     223.0
     183      4734       5.7      11.4      25.7      45.4     210.8     309.1
     199      4784       5.8      11.6      25.7      49.7     223.5     823.6
     217      4660       5.8      11.8      26.3      44.8     114.0     251.5
     222     16396       5.8      11.8      26.2      48.3     223.7    1880.5
     227     16513       5.8      11.7      25.9      47.1     176.8    1409.3
     232     16169       5.8      11.7      26.4      47.5     204.7     262.0
     237     16424       5.8      11.8      26.1      47.8     186.7     469.4
     243     16243       5.8      11.7      26.0      49.7     196.5    1676.4
     248     16381       5.9      11.7      26.3      48.6     201.7     641.4
     254     16362       5.9      11.8      26.2      48.0     212.5     448.8
     259     16320       5.9      11.9      26.3      50.6     218.4    1586.2
     265     16440       6.0      11.8      26.0      47.7     206.0     340.7
     271     16247       6.0      11.9      26.0      46.1     163.0    3177.6
     274      7073       6.1      11.8      26.4      48.4     206.7     258.2
     277      7022       6.1      11.9      26.2      48.4     214.7     309.8
     279      6837       6.1      11.9      27.0      49.5     194.5     264.1
     282      6945       6.1      12.0      26.3      49.3     229.2    2237.1
     285      6926       6.1      11.8      26.3      48.0     233.7    1530.9
     288      7025       6.1      11.8      26.2      49.4     205.8     427.9
     291      6910       6.1      11.9      25.8      49.0     220.1     869.5
     294      6967       6.0      11.9      25.9      46.8     172.8     260.9
     297      6974       6.1      11.8      25.5      46.4     196.8     241.3
     300      6871       6.1      11.9      26.0      49.6     179.3     254.1
     303     54206       6.0      11.9      26.2      47.2     201.0    3174.9
     305     53755       6.0      11.9      26.2      47.3     174.9    4336.0
     308     53872       6.0      12.0      26.3      48.5     193.8    2962.7
     310     53934       6.0      12.0      26.4      49.3     215.5    3130.0
     313     53822       6.0      11.9      26.4      48.6     204.9    3318.5
     315     53790       6.1      12.0      26.2      48.6     204.2    1283.9
     318     54144       6.0      12.0      26.2      47.6     191.3    1816.4
     321     53816       6.1      12.0      26.5      47.9     202.4    4192.4
     323     53728       6.1      12.0      26.4      47.9     182.9    1086.4
     326     54060       6.2      12.0      26.6      49.3     219.8    1785.0
     331     41266       6.2      12.1      26.4      48.0     198.2     311.6
     335     41259       6.2      12.1      26.4      48.8     209.2    4392.2
     340     40659       6.2      12.1      26.5      47.4     183.4    1945.2
     345     40939       6.2      12.1      26.5      48.3     201.5    1266.0
     350     41424       6.3      12.1      26.4      48.6     205.3    3085.3
     355     41086       6.3      12.1      26.4      48.3     206.6    4660.1
     360     41048       6.3      12.2      26.6      48.0     209.2    4053.1
     365     41007       6.4      12.1      26.4      47.6     195.8     315.4
     371     41117       6.4      12.2      26.5      48.7     202.2     437.6
     376     40946       6.3      12.2      26.6      47.8     218.5     400.1
     381     13126       6.5      12.2      26.6      47.0     208.7    1593.0
     385     12991       6.4      12.3      26.9      48.3     193.7    2068.1
     390     12844       6.5      12.2      26.5      48.1     169.9    2920.5
     395     12850       6.5      12.4      26.7      48.9     202.4     827.6
     400     12757       6.5      12.3      26.3      47.4     201.5     417.0
     405     12798       6.6      12.4      26.9      49.6     197.5     280.1
     410     12758       6.5      12.4      26.6      49.5     189.7    1381.5
     415     13059       6.6      12.6      27.0      50.2     225.4    2588.7
     420     12695       6.6      12.5      27.3      49.6     229.5     277.1
     425     12985       6.7      12.5      26.9      48.3     222.0     259.1
     430     25897       6.6      12.4      26.8      48.6     203.3    3189.3
     435     25400       6.7      12.5      27.0      48.8     182.3    3747.9
     441     25551       6.7      12.5      26.8      48.4     193.3    5231.2
     446     25567       6.8      12.5      27.0      48.7     230.1    3175.7
     452     25723       6.7      12.5      26.7      48.6     194.6    4005.4
     457     26054       6.8      12.5      27.0      50.2     207.3    1426.1
     463     25829       6.8      12.6      26.9      49.0     192.9     371.9
     468     25852       6.8      12.6      27.1      48.4     195.1    4942.4
     474     25720       6.9      12.6      27.0      47.1     199.2    1657.2
     480     25877       6.8      12.7      27.3      49.7     206.1   11270.3
     491    123270       6.8      12.7      27.0      48.6     193.6    3234.7
     502    123153       6.9      12.8      27.3      48.8     195.1    4509.2
     513    122702       7.0      12.8      27.2      49.0     204.5    2103.8
     525    122828       7.0      12.8      27.3      49.8     207.7    1573.5
     537    123518       7.1      12.8      27.2      49.1     202.4    4221.7
     549    123104       7.1      12.9      27.3      49.3     206.8    6164.2
     561    122619       7.1      12.9      27.3      49.2     196.8    5984.3
     574    122805       7.2      12.9      27.3      49.6     211.1    3733.7
     587    123234       7.3      13.0      27.5      49.2     205.3    4682.7
     600    122814       7.3      13.0      27.4      49.7     209.9    3923.2
     607     36163       7.4      13.1      27.6      50.2     207.9     384.7
     615     36182       7.5      13.1      27.5      48.1     211.8     409.8
     623     36087       7.5      13.1      27.4      49.1     193.7    1020.5
     630     36377       7.4      13.1      27.6      48.8     189.2     353.6
     638     36279       7.6      13.1      27.6      48.9     197.2    1599.5
     646     36514       7.6      13.1      27.4      49.5     192.5    4114.0
     654     36320       7.6      13.2      27.5      50.1     205.2    1538.4
     662     36239       7.7      13.2      27.6      50.4     207.4     630.5
     671     36603       7.6      13.3      27.8      49.6     215.8    3122.9
     679     36109       7.8      13.3      27.9      48.8     199.5    2588.8
     685     22176       7.8      13.3      27.9      49.4     207.7    3387.5
     690     22322       7.8      13.2      27.6      48.5     180.8     257.9
     696     22273       7.8      13.3      27.8      50.2     212.3    9497.3
     702     22103       7.8      13.3      27.6      48.9     178.8     265.3
     707     22104       7.9      13.3      27.7      48.9     205.3    3116.4
     713     21973       7.8      13.3      27.8      48.8     209.2    4756.1
     719     22317       7.9      13.4      27.7      49.4     190.7     450.1
     725     22235       8.0      13.5      28.1      49.4     203.9    1358.7
     731     22318       7.9      13.4      27.9      50.4     202.6     329.7
     737     22139       8.0      13.5      27.7      48.8     185.9     256.2
     743     14986       8.0      13.5      27.8      49.0     198.2     294.1
     749     15111       8.1      13.5      28.2      47.1     183.5     264.2
     755     15400       8.1      13.6      27.9      51.5     199.4    3163.6
     762     15342       8.1      13.5      28.0      49.0     216.1    1747.7
     768     15412       8.2      13.6      27.8      51.3     215.3    5090.3
     774     15270       8.1      13.5      27.9      48.7     199.7     324.8
     781     15257       8.2      13.5      27.8      49.6     193.8     266.7
     787     15254       8.2      13.6      27.8      49.8     178.2     255.7
     793     15345       8.2      13.6      28.5      50.8     209.6    2643.2
     800     15071       8.3      13.6      28.2      48.3     210.0    1022.0
     808      9510       8.3      13.5      27.3      47.3     170.4    1551.7
     816      9564       8.3      13.6      28.3      49.6     205.8     534.3
     825      9546       8.3      13.7      27.7      48.9     208.6     893.8
     833      9415       8.4      13.7      28.1      48.4     216.5     248.1
     841      9472       8.4      13.8      28.2      49.1     185.1    3196.3
     850      9316       8.4      13.7      28.0      49.0     210.3     460.5
     859      9529       8.5      13.8      28.2      49.0     167.8     258.1
     867      9356       8.5      13.8      28.6      49.9     213.5    2764.2
     876      9462       8.6      13.7      27.7      50.1     177.2     251.8
     885      9489       8.7      13.9      28.1      51.0     202.6     282.7
     900     11741       8.7      13.9      28.6      53.4     214.5     562.1
     914     11653       8.7      13.8      28.4      49.4     210.6     265.0
     929     11708       8.8      14.0      28.4      50.0     213.8    6432.4
     945     11701       8.9      14.0      28.1      50.6     192.7     261.8
     960     11646       8.9      14.2      28.6      49.1     202.2     286.4
     976     11509       8.9      14.2      28.4      50.7     189.9    2010.9
     992     11680       9.1      14.3      28.5      49.5     220.6    1398.8
    1009     11658       9.1      14.2      28.5      50.4     188.6     265.6
    1025     11541       9.2      14.2      28.2      50.3     214.9     261.9
    1042     11638       9.3      14.4      29.5      52.1     204.9     289.4
    1063     11509       9.4      14.4      28.8      51.1     167.7     274.4
    1085     11712       9.4      14.4      29.0      51.6     226.0    1897.8
    1108     11745       9.6      14.6      29.6      52.7     227.7    1398.4
    1130     11611       9.6      14.6      29.1      50.0     156.1     260.1
    1154     11632       9.7      14.8      28.9      49.3     208.0    2890.6
    1177     11623       9.9      14.7      28.6      50.2     219.6    1761.6
    1201     11530       9.9      14.8      29.3      53.5     219.7    1528.2
    1226     11636      10.0      14.9      29.0      50.0     184.5     281.9
    1251     11556      10.1      15.1      29.2      49.5     207.2     283.8
    1277     11926      10.3      15.1      29.7      51.4     200.9     289.9
    1290      7020      10.4      15.2      29.2      50.7     224.9     281.5
    1303      7034      10.5      15.2      29.1      52.8     197.1     283.9
    1316      7074      10.5      15.3      30.0      51.7     228.9    1655.2
    1330      7159      10.5      15.3      29.3      48.8     173.4     258.5
    1343      7075      10.6      15.4      29.8      52.2     206.3     252.3
    1357      6979      10.6      15.4      29.9      54.4     169.7     314.9
    1371      7081      10.7      15.5      29.9      52.6     221.8     295.8
    1385      6978      10.8      15.5      30.1      51.6     212.2     259.7
    1399      7057      10.7      15.5      29.2      49.5     182.3     268.7
    1413      7165      10.8      15.7      29.7      50.6     222.5     309.4
    1425      4634      10.9      15.7      30.0      52.3     220.1     259.1
    1436      4588      10.9      15.5      29.7      49.8     228.0     237.6
    1448      4681      11.0      15.7      29.9      51.0     185.4     226.8
    1460      4708      11.6      16.4      29.9      49.3     115.2     244.6
    1472      4704      11.9      17.0      30.8      54.5     216.1     266.8
    1484      4689      12.0      17.0      30.4      54.5     215.9     436.9
    1497      4668      12.0      17.0      31.5      52.1     175.8     208.1
    1509      4677      12.0      16.9      30.6      51.3     212.7     698.7
    1521      4622      11.9      16.9      31.3      57.8     229.5     289.6
    1534      4726      11.9      17.0      31.7      52.7     189.0     277.4
    1547     12875      12.0      17.1      31.4      53.8     192.3     368.0
    1559     13087      11.9      17.1      31.1      51.1     204.4     267.5
    1572     12969      11.8      17.0      30.7      52.6     173.8     278.1
    1585     12948      11.8      17.0      31.1      51.9     210.2     262.8
    1598     12896      11.9      17.1      31.2      51.9     196.5     261.6
    1611     13007      11.9      17.1      31.0      52.5     162.0     280.8
    1624     12794      11.9      17.1      31.5      55.5     219.9    2830.8
    1637     12758      11.9      17.1      31.3      52.9     181.6    1477.3
    1651     12878      11.9      17.2      31.1      54.6     223.3     277.6
    1664     12970      12.0      17.1      30.9      53.1     226.8    1167.3
    1712      4704      12.0      17.0      32.4      53.7     179.6     249.1
    1762      4544      12.1      17.2      31.5      53.2     171.9     256.4
    1813      4632      12.1      17.4      31.8      53.7     232.6     270.5
    1865      4628      12.3      17.5      31.7      50.8     238.6     357.6
    1919      4606      12.3      17.7      31.7      57.6     214.7    5405.7
    1975      4603      12.3      17.7      31.8      52.5     141.6     278.4
    2032      4686      12.4      17.8      31.7      59.0     213.8     246.1
    2091      4741      12.3      17.7      31.3      53.7     227.5     263.6
    2152      4583      12.3      17.8      31.6      53.3     200.9     272.4
    2214      4654      12.4      18.1      31.7      54.6     234.8     264.3
    2311      5803      12.4      18.1      32.0      51.9     188.1     261.3
    2412      5956      12.5      18.2      32.2      54.0     223.3     257.2
    2517      5800      12.7      18.2      32.8      54.1     148.7     258.1
    2627      5753      12.9      18.4      32.4      55.4     166.7     256.2
    2742      5872      13.2      18.6      32.9      55.7     168.6     259.4
    2862      5872      13.4      18.9      32.5      54.8     208.1     269.1
    2987      5852      14.1      19.6      34.5      60.2     231.9     259.0
    3118      5861      14.1      19.6      34.1      57.5     217.1    3793.3
    3254      5832      14.2      19.6      33.6      54.3     196.9     246.5
    3396      5914      14.4      20.1      34.9      57.8     241.5     286.7
    3544      5880      14.5      20.4      34.8      61.9     253.7     278.2
    3699      5882      14.6      20.6      35.1      57.0     207.6     266.4
    3861      5925      15.0      20.7      35.0      60.1     241.0     268.2
    4030      5782      15.2      21.1      35.8      60.5     237.1     311.2
    4206      5710      15.7      21.2      35.6      58.0     234.8     263.6
    4390      5898      16.0      21.5      36.1      61.6     202.7     275.6
    4582      5879      16.6      22.2      36.6      60.1     234.6     281.8
    4783      5870      16.8      22.6      37.3      59.6     209.5    3937.0
    4992      5900      16.9      22.9      37.3      60.8     259.9     330.9
    5210      5885      17.2      23.0      37.3      59.9     219.4     330.1
    5427      9391      17.6      23.4      37.8      60.4     208.8    1376.3
    5652      9460      18.1      23.8      37.5      60.3     207.4    1287.9
    5887      9405      19.1      24.9      39.4      61.8     208.6     334.3
    6132      9381      19.0      25.1      39.2      63.9     239.3     307.7
    6387      9273      19.4      25.6      40.0      65.2     209.8     415.9
    6653      9389      19.6      25.8      40.0      63.7     235.0     268.9
    6929      9461      20.1      26.1      40.5      62.1     205.8     284.7
    7217      9218      20.8      26.7      41.3      64.7     219.6     514.5
    7517      9405      21.5      27.6      41.7      67.6     259.1    1938.8
    7830      9202      21.7      28.2      42.9      65.7     215.7    1642.8
    9012      8348      24.1      42.7      84.2     147.2     304.3     364.6
   10373      8258      28.8      47.8      89.8     145.4     266.8     857.5
   11939      8307      31.8      52.2      95.1     153.2     299.8     402.0
   13741      8217      34.2      55.9      98.2     156.0     300.7     383.9
   15816      8108      37.8      60.3     103.5     160.1     327.3    4418.8
   18203      8223      41.5      75.7     141.8     233.6     335.1     425.0
   20952      8168      46.7      85.7     153.0     245.8     366.5     605.6
   24115      8298      52.1      93.8     162.7     249.4     373.1    4223.4
   27756      8010      58.6     110.5     199.6     321.5     410.6    2014.7
   31946      8200      65.9     124.9     218.3     338.7     447.9     654.7
   32405      5831      67.4     125.5     215.8     333.9     446.3     694.0
   32871      5812      67.7     128.2     220.9     345.1     430.6   11428.7
   33343      5944      68.5     127.0     219.9     347.2     477.4     626.1
   33822      5879      70.4     131.7     225.9     355.7     475.2     593.0
   34308      5852      70.1     132.1     225.2     364.7     464.4     582.7
   34801      5949      71.3     132.4     224.2     361.6     458.0    3329.3
   35301      5886      72.5     138.3     247.4     394.5     519.1     614.5
   35808      5681      72.5     141.0     257.6     411.0     549.0    4557.1
   36322      5944      73.5     143.3     257.5     397.3     517.1    2880.2
   36844      5772      75.6     146.9     262.9     408.0     542.5     602.0
   37146      5901      75.4     146.6     261.2     412.4     519.3     593.7
   37450      5889      75.6     146.9     260.2     405.7     502.3    1946.8
   37756      5904      76.3     149.9     265.4     403.1     555.8     742.9
   38065      5896      77.0     149.2     263.9     398.5     537.5     672.4
   38377      5906      77.8     151.7     269.7     418.6     507.6    2656.9
   38691      5886      78.6     151.9     267.6     420.4     534.5     617.5
   39007      5874      78.6     152.4     270.5     411.2     582.3     690.3
   39327      5856      79.1     152.0     269.6     420.4     552.0     652.8
   39648      5860      80.2     153.3     270.2     407.7     524.0    7347.2
   39973      5774      80.6     156.5     276.3     422.5     536.4     658.0
   40382     11678      80.9     157.1     276.4     427.4     577.1    4619.2
   40796     11649      81.5     157.4     275.9     417.6     555.0     679.7
   41214     11755      83.9     160.8     280.7     427.4     554.5    1902.0
   41636     11861      83.8     163.3     284.9     434.1     576.3   13094.0
   42062     11785      84.3     162.9     287.0     434.2     582.5   13161.0
   42493     11877      85.5     162.8     280.0     423.5     543.0     747.1
   42928     11638      86.6     166.4     289.3     438.5     559.6    2303.9
   43367     11718      87.4     167.3     290.3     433.5     564.0    1405.7
   43811     11860      87.3     167.7     292.1     436.1     558.2     749.9
   44260     11821      88.2     172.5     309.5     487.1     620.6     803.1
   44531     12825      88.0     174.9     311.6     488.6     627.8    4950.9
   44804     12650      88.6     175.0     312.6     467.6     639.0    8209.3
   45079     12822      88.8     176.3     313.6     495.4     668.7    8036.2
   45356     12682      89.7     177.2     312.6     480.4     627.2    3621.3
   45634     12814      90.3     179.2     317.5     493.8     633.3    1778.8
   45913     12848      90.3     180.0     323.1     493.9     635.3    1869.3
   46195     12787      91.3     181.6     321.0     495.0     652.1     982.2
   46478     12948      91.5     181.3     320.1     494.6     659.3    2182.5
   46763     12893      91.8     181.4     319.1     487.1     667.6     893.0
   47050     13000      93.4     186.0     331.9     505.4     656.6    4606.4
   47435     23154      93.3     185.8     327.3     499.2     652.5   13160.9
   47823     23556      93.4     186.2     331.2     505.8     652.4   10887.8
   48215     23333      94.3     187.2     328.5     494.4     640.1    1261.7
   48609     23322      95.6     189.0     334.4     505.7     656.3    3090.0
   49007     23368      96.2     192.3     333.4     502.7     632.8    1717.4
   49408     23582      96.1     192.9     337.9     507.6     669.5    1872.1
   49813     23718      97.6     193.0     335.4     514.0     707.5    3335.1
   50221     23298      98.5     194.9     339.0     513.1     659.9    3185.8
   50632     23391      98.6     195.7     342.6     515.6     669.0    8289.7
   51046     23776      99.7     196.7     344.2     510.7     641.7    3664.2
   52097      4701     102.5     201.7     346.7     524.5     672.5     816.7
   53169      4580     104.5     208.3     372.5     586.8     798.7    1070.1
   54264      4643     105.5     209.0     375.4     575.8     774.5     883.0
   55381      4576     107.0     216.5     388.2     596.9     766.6    3609.9
   56521      4672     109.3     220.5     388.8     584.2     750.6     842.7
   57684      4670     112.8     226.8     393.7     595.4     712.7     828.4
   58872      4660     115.5     229.4     403.9     605.2     774.2    4993.2
   60084      4771     116.0     233.4     411.9     616.8     801.5     979.9
   61321      4675     118.7     236.4     406.6     617.9     748.5     786.5
   62583      4715     120.5     245.2     433.1     668.0     857.0     974.6
   63353      5888     123.3     250.6     438.1     653.3     809.4    1033.5
   64132      5827     122.8     249.4     439.6     685.2     926.8    4452.4
   64921      5851     125.0     256.4     444.6     670.4     890.5    1086.9
   65720      5836     126.2     256.8     447.5     671.2     856.2    1040.3
   66528      5983     128.2     260.8     456.0     699.6     919.6    1067.0
   67347      5782     129.3     261.6     453.2     677.3     941.1    1289.7
   68175      5987     131.6     265.0     464.4     698.6     903.2    1792.5
   69014      5804     131.7     267.2     464.6     715.6     944.3    1060.4
   69863      5925     133.5     274.9     470.6     685.9     952.3    1069.4
   70722      5720     135.4     277.5     479.8     724.0     986.1    4046.3
   71156      5996     134.9     282.1     491.8     758.2     977.0    8491.0
   71592      5920     136.6     277.5     486.9     735.6     909.0    1152.8
   72031      5852     138.5     286.0     494.7     757.5    1026.5    2831.3
   72473      5809     138.9     283.6     501.9     741.1     915.1    5160.8
   72917      5695     138.8     287.5     501.1     754.9     993.3    1081.5
   73364      6005     139.3     285.5     489.1     750.4     905.0    1210.3
   73814      5818     140.3     287.9     501.1     769.3    1081.2    4003.5
   74266      5868     140.9     289.0     508.3     753.3    1050.2    2214.4
   74722      6040     143.4     292.7     509.7     763.8     938.6    2770.4
   75180      5991     144.0     294.9     518.1     773.9     980.4    1203.8
   75795     18566     143.5     296.5     509.6     773.9    1016.2   11978.1
   76416     18726     145.1     298.2     517.2     768.9     960.4    5824.1
   77041     18661     145.8     302.5     521.8     792.3    1032.5    2007.7
   77672     18631     147.0     302.6     528.2     792.0    1030.3    2204.4
   78307     18772     148.2     308.1     533.5     790.2     998.6    4745.8
   78948     18852     149.8     305.2     527.5     801.0    1033.6    1934.5
   79595     18792     151.2     311.2     545.2     818.6    1046.2    1713.4
   80246     18739     151.6     314.2     546.3     813.7    1071.7    3908.3
   80903     18848     153.6     317.3     554.2     837.2    1066.6   13152.6
   81565     18896     153.4     319.9     553.9     850.0    1110.2    3641.4
   83414     10671     157.6     328.6     568.2     847.5    1117.9    1321.0
   85305     10539     161.0     334.9     593.4     881.3    1153.0    1649.5
   87238     10667     163.9     343.3     593.7     880.8    1154.1    1828.2
   89216     10406     168.2     348.8     603.5     913.0    1281.9    2317.5
   91238     10564     172.0     360.9     617.7     927.6    1219.1    3190.6
   93306     10466     174.8     366.1     632.5     964.1    1303.8    5526.4
   95421     10612     178.9     372.5     644.8     968.1    1320.2    1975.5
   97584     10602     181.8     385.3     665.9     978.5    1306.0    1686.5
   99796     10581     187.0     392.6     673.5    1020.4    1439.0    1894.8
  102058     10706     192.2     405.0     692.8    1067.8    1416.5    4500.6
  103313      5910     194.1     409.3     701.0    1079.7    1416.9    1738.3
  104584      5723     196.5     411.1     690.3    1000.5    1433.7    1860.8
  105871      5817     198.1     420.0     732.9    1116.0    1464.0    7166.7
  107173      5972     200.7     425.5     733.2    1098.5    1426.0    1749.6
  108492      5965     203.8     428.0     731.0    1102.8    1469.1    1717.1
  109826      5775     205.3     426.4     728.8    1093.0    1427.0    5088.0
  111177      5829     208.1     442.1     756.0    1135.3    1485.2    1917.3
  112545      5823     210.3     443.2     764.6    1159.4    1498.6    5341.8
  113929      5776     211.9     446.4     764.6    1150.3    1508.7    2043.1
  115331      5756     216.7     455.5     785.0    1219.4    1768.2    9084.7
  116988      5763     218.3     463.7     803.0    1215.9    1522.8    1753.8
  118669      5984     222.5     470.1     809.7    1221.4    1542.2    1929.0
  120373      5802     224.3     481.5     807.5    1233.2    1550.8    1966.3
  122103      5856     228.2     482.9     815.8    1247.5    1739.1    2817.7
  123857      5791     231.3     492.2     829.1    1272.1    1680.5    4129.8
  125636      5874     234.4     504.5     856.0    1294.1    1653.0   13175.4
  127441      5786     235.4     508.2     854.5    1298.8    1655.9    1888.2
  129272      5859     241.4     512.1     884.6    1308.8    1816.6    2083.5
  131129      5754     244.3     527.8     896.4    1377.0    1716.4    2097.2
  133013      5719     248.4     525.9     894.8    1343.0    1730.7    2243.5
  135199      5864     252.5     533.1     892.4    1357.4    1814.2    2058.1
  137421      5878     253.5     545.9     921.0    1406.3    1868.4    2274.7
  139679      5904     259.7     562.4     947.5    1408.6    1815.6    2123.0
  141975      5881     262.6     564.9     969.5    1417.4    1847.7    2235.4
  144308      5980     267.7     574.1     982.2    1496.9    2141.6    2795.9
  146680      5999     269.6     593.0     990.0    1490.3    1955.4    2833.7
  149091      5971     274.8     600.5    1027.6    1508.2    1930.7    2627.5
  151541      5945     280.9     614.7    1017.2    1546.7    2038.5    2525.1
  154032      5898     283.0     621.3    1030.7    1525.0    2207.4    6825.3
  156563      5921     290.1     632.3    1063.5    1603.2    2152.4    2435.8
  159136      5777     294.3     645.5    1079.4    1593.2    2315.8    4256.5
  161752      5892     298.2     652.1    1094.7    1657.5    2276.5    4816.1
  164410      5954     302.1     664.9    1122.3    1746.2    2215.8    5963.3
  167112      5805     309.1     673.0    1150.5    1707.8    2273.7    3074.7
  169859      5936     313.1     686.3    1188.0    1802.9    2389.1    3127.9
  172651      5836     314.7     700.9    1182.7    1720.0    2381.7    5921.8
  175488      5732     325.5     710.2    1190.3    1758.1    2573.0    3133.9
  178373      5862     327.3     726.2    1184.8    1783.4    2559.3    3869.5
  181304      5747     331.0     732.3    1227.8    1870.0    2623.2    3061.2
  184284      5816     337.8     749.5    1264.3    1874.7    2552.4    6105.8
  186932      5618     342.6     762.8    1265.4    1919.4    2610.8    4121.0
  189618      5779     348.4     767.9    1287.4    1915.9    2641.2    5482.8
  192343      5680     352.1     788.9    1318.0    1948.6    2687.6   10198.9
  195107      5829     357.0     799.8    1342.6    2021.5    2641.9    3097.3
  197911      5734     361.1     800.0    1337.5    1952.8    2478.4    2971.3
  200755      5725     367.6     819.0    1364.3    2047.0    2660.1    3079.7
  203640      5842     371.6     825.1    1393.7    2065.0    2710.9    8956.6
  206566      5718     377.5     837.7    1422.7    2100.6    2900.3    3336.3
  209535      5822     382.5     855.0    1425.2    2210.0    2953.8    4763.7
  212546      5728     386.7     862.2    1450.1    2208.8    2929.1    3369.7
  215160      5900     393.6     873.7    1452.4    2146.7    2882.4    5566.8
  217805      5853     398.8     894.7    1470.4    2236.8    2893.8    6008.2
  220484      5819     401.3     909.0    1502.5    2214.6    2885.7   11824.4
  223195      5753     408.1     916.5    1514.2    2226.2    2954.7    3655.0
  225940      5864     417.0     921.0    1528.9    2373.1    3101.2    3408.8
  228718      5804     419.2     929.6    1517.6    2210.7    2907.0    4143.3
  231530      5882     423.7     950.8    1569.7    2363.7    3190.4    4050.5
  234377      5977     427.1     955.3    1600.0    2378.8    3083.4    3360.8
  237259      5888     432.2     982.1    1618.2    2450.8    3314.4    4007.9
  240177      5853     436.7     975.7    1628.8    2455.3    3460.8    8096.3
  244622      5963     446.8    1004.6    1665.0    2520.7    3296.2    4106.3
  249150      5881     455.9    1037.3    1706.6    2511.9    3242.0    3872.1
  253761      6015     461.7    1054.6    1764.6    2629.8    3678.1    6973.0
  258458      5932     471.9    1072.0    1773.3    2688.7    3345.5   12058.8
  263241      5840     482.8    1080.9    1789.7    2720.2    3674.4   14347.0
  268113      5889     494.2    1102.8    1837.9    2696.6    3554.7   13916.8
  273075      5778     499.5    1142.5    1872.5    2759.5    3570.0    3905.8
  278129      5740     507.2    1158.2    1915.3    2810.3    3524.1    3883.8
  283277      5856     513.6    1172.9    1908.6    2828.2    3831.8    4169.1
  288520      5835     526.8    1198.2    1970.7    3031.2    4327.9    8971.9
  302981      5880     549.6    1250.0    2063.8    3061.3    4213.7    8585.9
  318166      5887     577.4    1316.9    2166.2    3187.3    4068.7    4819.2
  334113      5883     610.1    1401.9    2307.7    3473.1    4499.7   13058.1
  350858      5764     656.7    1466.7    2389.3    3479.4    4350.9    5097.1
  368444      5699     665.6    1552.1    2512.8    3823.7    5377.3    7351.6
  386910      5875     705.8    1619.1    2628.2    3851.5    5014.4   14010.4
  406302      5790     735.2    1729.7    2797.8    4113.9    5586.3    8783.7
  426666      5892     769.1    1817.2    2913.8    4314.1    5521.0    7712.4
  448051      5842     819.3    1903.1    3096.7    4653.9    6986.8   10920.7
  470507      5843     861.5    2024.1    3284.8    4819.8    6279.8    6679.6
  492079      3585     890.6    2111.5    3401.6    5090.7    7576.5   13819.6
  514641      3554     935.9    2213.5    3555.1    5138.7    7269.6   15193.0
  538237      3481     984.9    2360.2    3704.4    5455.3    6977.2   12277.0
  562914      3518    1062.3    2433.8    3938.9    5934.9    7948.2    9053.4
  588723      3437    1068.7    2577.9    4134.3    6131.8    7347.6    8778.0
  615716      3425    1137.8    2674.0    4211.9    6419.8    8877.4   15045.5
  643946      3500    1266.4    2803.1    4459.1    6684.1    9134.9   15160.8
  673470      3508    1226.1    2924.6    4720.9    6982.8    9791.4   14845.3
  704348      3427    1322.4    3128.4    4952.0    7399.9    9151.9   10493.7
  736642      3483    1476.8    3272.6    5215.0    7860.4   11160.9   13678.4
  754877      2359    1420.5    3308.0    5225.5    7712.4    9886.7   11155.6
  773563      2401    1494.3    3392.1    5419.2    8110.5   11473.0   17841.7
  792711      2363    1593.9    3495.3    5583.8    8164.4   10829.9   16724.2
  812333      2339    1628.2    3595.4    5761.7    8410.8   11071.8   17134.0
  832442      2347    1641.2    3719.8    5895.1    8512.6   10986.0   16327.7
  853048      2387    1694.4    3796.6    6062.5    8321.5   11039.4   11596.4
  874164      2319    1633.8    3869.8    6189.6    9165.8   12846.6   15476.6
  895802      2314    1760.1    4014.7    6487.8    9781.6   14387.9   18269.3
  917977      2323    1865.2    4139.1    6620.7    9596.2   12374.9   13707.4
  940700      2425    1762.3    4230.4    6686.7    9977.7   14371.0   14685.6
 1002039      5910    1950.3    4522.8    7099.3   10461.0   14154.4   21059.7
 1067379      5914    1995.2    4888.4    7619.1   11347.3   15750.5   20492.1
 1136978      5902    2198.6    5236.2    8209.4   12201.5   18029.4   28384.2
 1211116      5708    2311.9    5551.3    8832.1   13356.0   16335.5   25486.0
 1290088      5800    2430.4    5989.3    9368.5   14103.0   20251.2   35207.9
 1374210      5971    2922.8    6428.4   10126.5   15049.3   18774.0   24299.4
 1463817      5918    2733.4    6897.8   10792.5   15584.9   21190.1   26272.8
 1559267      5757    3121.3    7378.0   11576.8   17083.2   23621.4   31539.9
 1660940      5992    3401.3    7921.0   12379.2   18110.6   24552.3   28464.9
 1769244      5835    3617.5    8532.5   13356.5   19864.0   26245.7   37756.4
 1805665      3554    3754.1    8672.6   13324.8   19954.3   25768.9   28522.0
 1842837      3541    4122.7    8905.0   13616.2   20396.9   27060.8   29000.3
 1880773      3553    3729.1    9056.8   14286.1   21039.0   27416.6   33605.1
 1919490      3548    3820.6    9330.2   14519.2   22521.5   28425.5   36830.2
 1959005      3441    3926.4    9577.7   14747.4   21757.0   28631.4   42667.8
 1999332      3530    4044.7    9732.2   15197.7   23313.0   30031.1   34133.9
 2040490      3595    4238.5    9980.9   15666.2   23104.3   33750.9   37902.6
 2082496      3471    4594.5   10254.6   16294.3   24624.7   31591.5   33998.0
 2125366      3578    4504.9   10613.2   16127.6   24891.4   33202.4   48565.1
 2169118      3552    4791.2   10775.7   16761.1   24683.4   33279.0   42246.0
 2527289      8215    5427.2   12760.7   19943.2   29883.8   38088.1   49518.9
 2944602      8293    6180.7   15221.9   23795.3   35429.5   46618.2   71981.3
 3430822      8113    7132.0   18276.2   28957.7   42705.3   60196.2   78684.6
 3997329      8159    8571.5   21921.8   34473.7   51112.2   66891.6  100628.3
 4657379      8288   10877.9   26469.6   42215.1   63584.3   89044.4  102529.5
 5426418      8239   12118.1   31539.3   50996.9   75933.3  100124.9  138000.4
 6322443      8180   15247.1   38326.7   63097.4   96502.1  126366.8  168165.0
 7366423      8294   17725.5   46450.5   77610.1  119962.7  163628.1  188105.1
 8582787      8232   21447.9   56088.1   97083.4  152481.0  197124.9  268551.6
10000000      8166   24154.6   67995.1  119902.0  198045.3  271266.7  398308.1
**** server12.ms0819.log:
1487749015.338180672 HomaTransport.cc:1779 in checkTimeouts WARNING[1]: server rpc starved of grant, sequence 43746, grantOffset 145530
1487749075.223255334 HomaTransport.cc:1779 in checkTimeouts WARNING[1]: server rpc starved of grant, sequence 358761, grantOffset 4048380
1487749092.911757910 HomaTransport.cc:1138 in handlePacket WARNING[1]: unexpected GRANT from client 14:58:d0:58:6f:b3, id (2404282903283342990,450372), grantOffset 10290
1487749092.911770539 HomaTransport.cc:1138 in handlePacket WARNING[1]: unexpected GRANT from client 14:58:d0:58:6f:b3, id (2404282903283342990,450372), grantOffset 11760
1487749092.911772736 HomaTransport.cc:1138 in handlePacket WARNING[1]: unexpected GRANT from client 14:58:d0:58:6f:b3, id (2404282903283342990,450372), grantOffset 13230
1487749092.911792722 HomaTransport.cc:1138 in handlePacket WARNING[1]: unexpected GRANT from client 14:58:d0:58:6f:b3, id (2404282903283342990,450372), grantOffset 14700
1487749092.911794256 HomaTransport.cc:1138 in handlePacket WARNING[1]: unexpected GRANT from client 14:58:d0:58:6f:b3, id (2404282903283342990,450372), grantOffset 16170
1487749092.911889864 HomaTransport.cc:1138 in handlePacket WARNING[1]: unexpected GRANT from client 14:58:d0:58:6f:b3, id (2404282903283342990,450372), grantOffset 17640
1487749095.377986953 HomaTransport.cc:1779 in checkTimeouts WARNING[1]: server rpc starved of grant, sequence 464807, grantOffset 1694910
1487749103.052276731 HomaTransport.cc:1779 in checkTimeouts WARNING[1]: server rpc starved of grant, sequence 504994, grantOffset 4533480
**** client8.ms0827.log:
1487749013.698861612 HomaTransport.cc:1684 in checkTimeouts WARNING[1]: aborting ECHO RPC to server 14:58:d0:58:7f:93, sequence 34357: timeout
1487749014.138936544 HomaTransport.cc:1722 in checkTimeouts WARNING[1]: client rpc starved of grant, sequence 37290, grantOffset 8820
1487749024.957259448 HomaTransport.cc:1722 in checkTimeouts WARNING[1]: client rpc starved of grant, sequence 94085, grantOffset 1152480
1487749030.884910996 HomaTransport.cc:1684 in checkTimeouts WARNING[1]: aborting ECHO RPC to server 14:58:d0:58:df:63, sequence 124550: timeout
1487749030.912934819 HomaTransport.cc:1684 in checkTimeouts WARNING[1]: aborting ECHO RPC to server 14:58:d0:58:5f:f3, sequence 124607: timeout
1487749043.632726717 HomaTransport.cc:1684 in checkTimeouts WARNING[1]: aborting ECHO RPC to server ec:b1:d7:85:7a:63, sequence 191690: timeout
1487749063.894325986 HomaTransport.cc:1722 in checkTimeouts WARNING[1]: client rpc starved of grant, sequence 298521, grantOffset 2209410
1487749077.872603170 HomaTransport.cc:1722 in checkTimeouts WARNING[1]: client rpc starved of grant, sequence 372126, grantOffset 727650
1487749080.428992951 HomaTransport.cc:1684 in checkTimeouts WARNING[1]: aborting ECHO RPC to server 14:58:d0:58:5f:03, sequence 384970: timeout
1487749092.799239293 HomaTransport.cc:1722 in checkTimeouts WARNING[1]: client rpc starved of grant, sequence 450154, grantOffset 92610
1487749106.637531338 HomaTransport.cc:1722 in checkTimeouts WARNING[1]: client rpc starved of grant, sequence 523158, grantOffset 123480
**** client2.ms0821.log:
1487749039.070651647 HomaTransport.cc:1722 in checkTimeouts WARNING[1]: client rpc starved of grant, sequence 168306, grantOffset 2357880
1487749060.399740745 HomaTransport.cc:1684 in checkTimeouts WARNING[1]: aborting ECHO RPC to server 14:58:d0:58:7f:93, sequence 279907: timeout
1487749075.944487931 HomaTransport.cc:1722 in checkTimeouts WARNING[1]: client rpc starved of grant, sequence 361975, grantOffset 8820
1487749083.077721001 HomaTransport.cc:1722 in checkTimeouts WARNING[1]: client rpc starved of grant, sequence 399539, grantOffset 8820
1487749087.286569552 HomaTransport.cc:1684 in checkTimeouts WARNING[1]: aborting ECHO RPC to server 14:58:d0:58:7f:93, sequence 420968: timeout
1487749087.286583819 HomaTransport.cc:1684 in checkTimeouts WARNING[1]: aborting ECHO RPC to server 14:58:d0:58:7f:83, sequence 420996: timeout
1487749087.450621158 HomaTransport.cc:1684 in checkTimeouts WARNING[1]: aborting ECHO RPC to server 14:58:d0:58:9f:53, sequence 421809: timeout
**** server10.ms0817.log:
1487749070.722533447 HomaTransport.cc:1779 in checkTimeouts WARNING[1]: server rpc starved of grant, sequence 335244, grantOffset 2155020
1487749087.248701986 HomaTransport.cc:1779 in checkTimeouts WARNING[1]: server rpc starved of grant, sequence 421709, grantOffset 8820
1487749090.136090670 HomaTransport.cc:1779 in checkTimeouts WARNING[1]: server rpc starved of grant, sequence 437049, grantOffset 1059870
1487749091.765025554 HomaTransport.cc:1779 in checkTimeouts WARNING[1]: server rpc starved of grant, sequence 445510, grantOffset 696780
**** server7.ms0814.log:
1487749051.958713269 HomaTransport.cc:1779 in checkTimeouts WARNING[1]: server rpc starved of grant, sequence 237278, grantOffset 316050
1487749065.204383051 HomaTransport.cc:1779 in checkTimeouts WARNING[1]: server rpc starved of grant, sequence 306817, grantOffset 8820
**** client6.ms0825.log:
1487749013.692881637 HomaTransport.cc:1722 in checkTimeouts WARNING[1]: client rpc starved of grant, sequence 34874, grantOffset 1014300
1487749025.380454157 HomaTransport.cc:1722 in checkTimeouts WARNING[1]: client rpc starved of grant, sequence 96181, grantOffset 1371510
1487749033.493473551 HomaTransport.cc:1684 in checkTimeouts WARNING[1]: aborting ECHO RPC to server 14:58:d0:58:5f:d3, sequence 138423: timeout
1487749045.793075579 HomaTransport.cc:1722 in checkTimeouts WARNING[1]: client rpc starved of grant, sequence 203576, grantOffset 8820
1487749047.869767087 HomaTransport.cc:1684 in checkTimeouts WARNING[1]: aborting ECHO RPC to server 14:58:d0:58:7f:93, sequence 213383: timeout
1487749047.911798258 HomaTransport.cc:1684 in checkTimeouts WARNING[1]: aborting ECHO RPC to server 14:58:d0:58:8f:a3, sequence 214147: timeout
1487749095.528018244 HomaTransport.cc:1684 in checkTimeouts WARNING[1]: aborting ECHO RPC to server 14:58:d0:58:df:63, sequence 464167: timeout
1487749101.795703146 HomaTransport.cc:1722 in checkTimeouts WARNING[1]: client rpc starved of grant, sequence 497610, grantOffset 8820
**** server5.ms0812.log:
1487749013.261715015 HomaTransport.cc:1779 in checkTimeouts WARNING[1]: server rpc starved of grant, sequence 33029, grantOffset 4280640
1487749041.418585963 HomaTransport.cc:1779 in checkTimeouts WARNING[1]: server rpc starved of grant, sequence 180623, grantOffset 8820
1487749053.328150685 HomaTransport.cc:1779 in checkTimeouts WARNING[1]: server rpc starved of grant, sequence 243019, grantOffset 5749170
1487749062.556420243 HomaTransport.cc:1779 in checkTimeouts WARNING[1]: server rpc starved of grant, sequence 291990, grantOffset 8820
1487749073.831855879 HomaTransport.cc:1779 in checkTimeouts WARNING[1]: server rpc starved of grant, sequence 351433, grantOffset 411600
1487749082.798735337 HomaTransport.cc:1779 in checkTimeouts WARNING[1]: server rpc starved of grant, sequence 398648, grantOffset 8820
1487749092.495803818 HomaTransport.cc:1779 in checkTimeouts WARNING[1]: server rpc starved of grant, sequence 449357, grantOffset 9225720
1487749095.511165616 HomaTransport.cc:1779 in checkTimeouts WARNING[1]: server rpc starved of grant, sequence 465010, grantOffset 8820
**** server3.ms0808.log:
1487749057.302886781 HomaTransport.cc:1779 in checkTimeouts WARNING[1]: server rpc starved of grant, sequence 264079, grantOffset 1001070
1487749068.507164624 HomaTransport.cc:1779 in checkTimeouts WARNING[1]: server rpc starved of grant, sequence 322579, grantOffset 4464390
1487749098.339055960 HomaTransport.cc:1779 in checkTimeouts WARNING[1]: server rpc starved of grant, sequence 479535, grantOffset 8820
**** server4.ms0811.log:
1487749013.718812722 HomaTransport.cc:1779 in checkTimeouts WARNING[1]: server rpc starved of grant, sequence 34871, grantOffset 286650
1487749063.513719623 HomaTransport.cc:1779 in checkTimeouts WARNING[1]: server rpc starved of grant, sequence 297232, grantOffset 257250
1487749106.499331569 HomaTransport.cc:1779 in checkTimeouts WARNING[1]: server rpc starved of grant, sequence 523798, grantOffset 2606310
**** client10.ms0829.log:
1487749027.866188202 HomaTransport.cc:1684 in checkTimeouts WARNING[1]: aborting ECHO RPC to server 14:58:d0:58:df:33, sequence 108697: timeout
1487749027.892200273 HomaTransport.cc:1684 in checkTimeouts WARNING[1]: aborting ECHO RPC to server ec:b1:d7:85:7a:63, sequence 108707: timeout
1487749027.918206127 HomaTransport.cc:1684 in checkTimeouts WARNING[1]: aborting ECHO RPC to server 14:58:d0:58:bf:e3, sequence 108785: timeout
1487749028.186296875 HomaTransport.cc:1684 in checkTimeouts WARNING[1]: aborting ECHO RPC to server 14:58:d0:58:5f:d3, sequence 110166: timeout
1487749028.342326444 HomaTransport.cc:1722 in checkTimeouts WARNING[1]: client rpc starved of grant, sequence 111599, grantOffset 8820
1487749037.789051239 HomaTransport.cc:1684 in checkTimeouts WARNING[1]: aborting ECHO RPC to server 14:58:d0:58:5f:d3, sequence 160780: timeout
1487749063.750133097 HomaTransport.cc:1722 in checkTimeouts WARNING[1]: client rpc starved of grant, sequence 297620, grantOffset 3511830
1487749091.039662215 HomaTransport.cc:1722 in checkTimeouts WARNING[1]: client rpc starved of grant, sequence 440435, grantOffset 1133370
1487749095.634613966 HomaTransport.cc:1722 in checkTimeouts WARNING[1]: client rpc starved of grant, sequence 465069, grantOffset 436590
1487749096.360979836 HomaTransport.cc:1722 in checkTimeouts WARNING[1]: client rpc starved of grant, sequence 468870, grantOffset 911400
1487749100.435940488 HomaTransport.cc:1684 in checkTimeouts WARNING[1]: aborting ECHO RPC to server 14:58:d0:58:7f:83, sequence 489624: timeout
1487749100.445944104 HomaTransport.cc:1684 in checkTimeouts WARNING[1]: aborting ECHO RPC to server 14:58:d0:58:8f:a3, sequence 489759: timeout
**** server2.ms0807.log:
1487749032.256220497 HomaTransport.cc:1779 in checkTimeouts WARNING[1]: server rpc starved of grant, sequence 132559, grantOffset 611520
1487749060.779103697 HomaTransport.cc:1779 in checkTimeouts WARNING[1]: server rpc starved of grant, sequence 282416, grantOffset 8820
1487749078.608185154 HomaTransport.cc:1779 in checkTimeouts WARNING[1]: server rpc starved of grant, sequence 376330, grantOffset 8820
**** client5.ms0824.log:
1487749010.790345024 HomaTransport.cc:1722 in checkTimeouts WARNING[1]: client rpc starved of grant, sequence 20017, grantOffset 8820
1487749033.099546396 HomaTransport.cc:1722 in checkTimeouts WARNING[1]: client rpc starved of grant, sequence 137098, grantOffset 8820
1487749047.008929758 HomaTransport.cc:1722 in checkTimeouts WARNING[1]: client rpc starved of grant, sequence 210189, grantOffset 8820
1487749068.280203960 HomaTransport.cc:1722 in checkTimeouts WARNING[1]: client rpc starved of grant, sequence 321650, grantOffset 294000
1487749086.582386442 HomaTransport.cc:1684 in checkTimeouts WARNING[1]: aborting ECHO RPC to server ec:b1:d7:85:7a:63, sequence 417395: timeout
1487749087.464501094 HomaTransport.cc:1722 in checkTimeouts WARNING[1]: client rpc starved of grant, sequence 422556, grantOffset 8820
1487749088.974766950 HomaTransport.cc:1684 in checkTimeouts WARNING[1]: aborting ECHO RPC to server 14:58:d0:58:9f:53, sequence 429826: timeout
1487749088.978766478 HomaTransport.cc:1684 in checkTimeouts WARNING[1]: aborting ECHO RPC to server 14:58:d0:58:7f:93, sequence 429934: timeout
1487749096.818710874 HomaTransport.cc:1684 in checkTimeouts WARNING[1]: aborting ECHO RPC to server 14:58:d0:58:bf:e3, sequence 471199: timeout
1487749096.856727479 HomaTransport.cc:1684 in checkTimeouts WARNING[1]: aborting ECHO RPC to server 14:58:d0:58:6f:73, sequence 471489: timeout
**** client12.ms0831.log:
1487749008.539355646 HomaTransport.cc:1722 in checkTimeouts WARNING[1]: client rpc starved of grant, sequence 7432, grantOffset 8820
1487749012.779149325 HomaTransport.cc:1722 in checkTimeouts WARNING[1]: client rpc starved of grant, sequence 29796, grantOffset 1975680
1487749018.656554383 HomaTransport.cc:1684 in checkTimeouts WARNING[1]: aborting ECHO RPC to server 14:58:d0:58:7f:83, sequence 60039: timeout
1487749039.684484326 HomaTransport.cc:1722 in checkTimeouts WARNING[1]: client rpc starved of grant, sequence 171135, grantOffset 586530
1487749075.558228500 HomaTransport.cc:1684 in checkTimeouts WARNING[1]: aborting ECHO RPC to server 14:58:d0:58:5f:d3, sequence 358986: timeout
1487749093.296141320 HomaTransport.cc:1684 in checkTimeouts WARNING[1]: aborting ECHO RPC to server 14:58:d0:58:5f:03, sequence 452132: timeout
1487749100.343663023 HomaTransport.cc:1722 in checkTimeouts WARNING[1]: client rpc starved of grant, sequence 489754, grantOffset 8820
1487749101.685902224 HomaTransport.cc:1684 in checkTimeouts WARNING[1]: aborting ECHO RPC to server 14:58:d0:58:5f:03, sequence 496161: timeout
**** server6.ms0813.log:
1487749086.856367608 HomaTransport.cc:1779 in checkTimeouts WARNING[1]: server rpc starved of grant, sequence 420742, grantOffset 8820
**** server1.ms0806.log:
1487749021.794808614 HomaTransport.cc:1779 in checkTimeouts WARNING[1]: server rpc starved of grant, sequence 78257, grantOffset 3879330
1487749048.781809865 HomaTransport.cc:1779 in checkTimeouts WARNING[1]: server rpc starved of grant, sequence 219923, grantOffset 1881600
1487749075.597883896 HomaTransport.cc:1779 in checkTimeouts WARNING[1]: server rpc starved of grant, sequence 360885, grantOffset 4223310
**** client4.ms0823.log:
1487749015.065780525 HomaTransport.cc:1684 in checkTimeouts WARNING[1]: aborting ECHO RPC to server 14:58:d0:58:5f:d3, sequence 41599: timeout
1487749015.115836349 HomaTransport.cc:1684 in checkTimeouts WARNING[1]: aborting ECHO RPC to server 14:58:d0:58:7f:93, sequence 41754: timeout
1487749015.147851270 HomaTransport.cc:1684 in checkTimeouts WARNING[1]: aborting ECHO RPC to server 14:58:d0:58:6f:73, sequence 41850: timeout
1487749031.684030757 HomaTransport.cc:1684 in checkTimeouts WARNING[1]: aborting ECHO RPC to server ec:b1:d7:85:7a:63, sequence 128800: timeout
1487749040.351162148 HomaTransport.cc:1684 in checkTimeouts WARNING[1]: aborting ECHO RPC to server 14:58:d0:58:df:33, sequence 174111: timeout
1487749053.708366266 HomaTransport.cc:1722 in checkTimeouts WARNING[1]: client rpc starved of grant, sequence 245002, grantOffset 1905120
1487749055.190597578 HomaTransport.cc:1722 in checkTimeouts WARNING[1]: client rpc starved of grant, sequence 252958, grantOffset 8820
1487749072.328067378 HomaTransport.cc:1722 in checkTimeouts WARNING[1]: client rpc starved of grant, sequence 342562, grantOffset 3505950
1487749082.404529945 HomaTransport.cc:1684 in checkTimeouts WARNING[1]: aborting ECHO RPC to server 14:58:d0:58:5f:d3, sequence 394976: timeout
1487749082.424536240 HomaTransport.cc:1684 in checkTimeouts WARNING[1]: aborting ECHO RPC to server 14:58:d0:58:7f:83, sequence 395289: timeout
1487749091.938903826 HomaTransport.cc:1722 in checkTimeouts WARNING[1]: client rpc starved of grant, sequence 445492, grantOffset 4214490
1487749092.523054649 HomaTransport.cc:1684 in checkTimeouts WARNING[1]: aborting ECHO RPC to server 14:58:d0:58:6f:73, sequence 448404: timeout
**** server8.ms0815.log:
1487749040.787264281 HomaTransport.cc:1779 in checkTimeouts WARNING[1]: server rpc starved of grant, sequence 177598, grantOffset 2199120
1487749053.838867926 HomaTransport.cc:1779 in checkTimeouts WARNING[1]: server rpc starved of grant, sequence 245992, grantOffset 4665780
1487749066.283282532 HomaTransport.cc:1779 in checkTimeouts WARNING[1]: server rpc starved of grant, sequence 311913, grantOffset 1139250
1487749088.847479481 HomaTransport.cc:1779 in checkTimeouts WARNING[1]: server rpc starved of grant, sequence 430573, grantOffset 8820
1487749103.576079160 HomaTransport.cc:1779 in checkTimeouts WARNING[1]: server rpc starved of grant, sequence 507547, grantOffset 2235870
**** server11.ms0818.log:
1487749017.183690598 HomaTransport.cc:1779 in checkTimeouts WARNING[1]: server rpc starved of grant, sequence 53496, grantOffset 8820
1487749082.217551363 HomaTransport.cc:1779 in checkTimeouts WARNING[1]: server rpc starved of grant, sequence 395174, grantOffset 8820
1487749089.951129736 HomaTransport.cc:1138 in handlePacket WARNING[1]: unexpected GRANT from client 14:58:d0:58:ef:23, id (8525507594202998958,434734), grantOffset 10290
1487749089.951143609 HomaTransport.cc:1138 in handlePacket WARNING[1]: unexpected GRANT from client 14:58:d0:58:ef:23, id (8525507594202998958,434734), grantOffset 11760
1487749089.951164068 HomaTransport.cc:1138 in handlePacket WARNING[1]: unexpected GRANT from client 14:58:d0:58:ef:23, id (8525507594202998958,434734), grantOffset 13230
1487749089.951172947 HomaTransport.cc:1138 in handlePacket WARNING[1]: unexpected GRANT from client 14:58:d0:58:ef:23, id (8525507594202998958,434734), grantOffset 14700
1487749089.951175925 HomaTransport.cc:1138 in handlePacket WARNING[1]: unexpected GRANT from client 14:58:d0:58:ef:23, id (8525507594202998958,434734), grantOffset 16170
1487749089.951179303 HomaTransport.cc:1138 in handlePacket WARNING[1]: unexpected GRANT from client 14:58:d0:58:ef:23, id (8525507594202998958,434734), grantOffset 17640
**** client3.ms0822.log:
1487749008.753834962 HomaTransport.cc:1722 in checkTimeouts WARNING[1]: client rpc starved of grant, sequence 8479, grantOffset 244020
1487749030.186274542 HomaTransport.cc:1722 in checkTimeouts WARNING[1]: client rpc starved of grant, sequence 121659, grantOffset 3720570
1487749044.307103033 HomaTransport.cc:1684 in checkTimeouts WARNING[1]: aborting ECHO RPC to server 14:58:d0:58:9f:53, sequence 195455: timeout
1487749044.309102926 HomaTransport.cc:1684 in checkTimeouts WARNING[1]: aborting ECHO RPC to server 14:58:d0:58:df:33, sequence 195484: timeout
1487749044.365123271 HomaTransport.cc:1684 in checkTimeouts WARNING[1]: aborting ECHO RPC to server 14:58:d0:58:5f:f3, sequence 195650: timeout
1487749067.136254028 HomaTransport.cc:1684 in checkTimeouts WARNING[1]: aborting ECHO RPC to server 14:58:d0:58:5f:f3, sequence 315186: timeout
1487749076.968104881 HomaTransport.cc:1722 in checkTimeouts WARNING[1]: client rpc starved of grant, sequence 367432, grantOffset 1769880
1487749084.576002422 HomaTransport.cc:1684 in checkTimeouts WARNING[1]: aborting ECHO RPC to server ec:b1:d7:85:7a:63, sequence 406873: timeout
1487749097.070242522 HomaTransport.cc:1684 in checkTimeouts WARNING[1]: aborting ECHO RPC to server ec:b1:d7:85:7a:63, sequence 472550: timeout
**** client1.ms0820.log:
1487749021.066114481 HomaTransport.cc:1684 in checkTimeouts WARNING[1]: aborting ECHO RPC to server 14:58:d0:58:bf:e3, sequence 73333: timeout
1487749025.587794518 HomaTransport.cc:1684 in checkTimeouts WARNING[1]: aborting ECHO RPC to server 14:58:d0:58:5f:d3, sequence 97289: timeout
1487749030.128899662 HomaTransport.cc:1684 in checkTimeouts WARNING[1]: aborting ECHO RPC to server 14:58:d0:58:5f:03, sequence 121263: timeout
1487749034.824459478 HomaTransport.cc:1722 in checkTimeouts WARNING[1]: client rpc starved of grant, sequence 146411, grantOffset 951090
1487749058.740806114 HomaTransport.cc:1684 in checkTimeouts WARNING[1]: aborting ECHO RPC to server 14:58:d0:58:5f:f3, sequence 271400: timeout
1487749066.809157089 HomaTransport.cc:1722 in checkTimeouts WARNING[1]: client rpc starved of grant, sequence 314328, grantOffset 536550
**** client9.ms0828.log:
1487749007.520438638 HomaTransport.cc:1684 in checkTimeouts WARNING[1]: aborting ECHO RPC to server 14:58:d0:58:7f:83, sequence 1838: timeout
1487749019.386791463 HomaTransport.cc:1722 in checkTimeouts WARNING[1]: client rpc starved of grant, sequence 64820, grantOffset 8820
1487749032.240124522 HomaTransport.cc:1722 in checkTimeouts WARNING[1]: client rpc starved of grant, sequence 132198, grantOffset 1636110
1487749057.828749244 HomaTransport.cc:1722 in checkTimeouts WARNING[1]: client rpc starved of grant, sequence 266503, grantOffset 154350
1487749068.190495444 HomaTransport.cc:1722 in checkTimeouts WARNING[1]: client rpc starved of grant, sequence 321072, grantOffset 8820
1487749082.875188194 HomaTransport.cc:1722 in checkTimeouts WARNING[1]: client rpc starved of grant, sequence 398197, grantOffset 1461180
1487749091.684705998 HomaTransport.cc:1684 in checkTimeouts WARNING[1]: aborting ECHO RPC to server 14:58:d0:58:6f:73, sequence 443884: timeout
1487749091.738727893 HomaTransport.cc:1684 in checkTimeouts WARNING[1]: aborting ECHO RPC to server 14:58:d0:58:7f:93, sequence 444031: timeout
1487749091.766734384 HomaTransport.cc:1684 in checkTimeouts WARNING[1]: aborting ECHO RPC to server 14:58:d0:58:6f:73, sequence 443843: timeout
1487749092.912837410 HomaTransport.cc:1684 in checkTimeouts WARNING[1]: aborting ECHO RPC to server 14:58:d0:58:8f:a3, sequence 450372: timeout
1487749094.597012580 HomaTransport.cc:1684 in checkTimeouts WARNING[1]: aborting ECHO RPC to server 14:58:d0:58:7f:93, sequence 459254: timeout
1487749102.460510396 HomaTransport.cc:1684 in checkTimeouts WARNING[1]: aborting ECHO RPC to server ec:b1:d7:85:7a:63, sequence 500572: timeout
1487749105.358987374 HomaTransport.cc:1722 in checkTimeouts WARNING[1]: client rpc starved of grant, sequence 516196, grantOffset 554190
1487749105.425008662 HomaTransport.cc:1722 in checkTimeouts WARNING[1]: client rpc starved of grant, sequence 516246, grantOffset 2300550
**** client11.ms0830.log:
1487749029.279076621 HomaTransport.cc:1684 in checkTimeouts WARNING[1]: aborting ECHO RPC to server 14:58:d0:58:5f:03, sequence 116115: timeout
1487749043.831200621 HomaTransport.cc:1684 in checkTimeouts WARNING[1]: aborting ECHO RPC to server ec:b1:d7:85:7a:63, sequence 192495: timeout
1487749054.677686485 HomaTransport.cc:1684 in checkTimeouts WARNING[1]: aborting ECHO RPC to server 14:58:d0:58:df:33, sequence 249407: timeout
1487749054.683686599 HomaTransport.cc:1684 in checkTimeouts WARNING[1]: aborting ECHO RPC to server 14:58:d0:58:bf:e3, sequence 249381: timeout
1487749054.741710425 HomaTransport.cc:1684 in checkTimeouts WARNING[1]: aborting ECHO RPC to server 14:58:d0:58:6f:73, sequence 249743: timeout
1487749054.747711643 HomaTransport.cc:1684 in checkTimeouts WARNING[1]: aborting ECHO RPC to server 14:58:d0:58:9f:53, sequence 249785: timeout
1487749070.826622336 HomaTransport.cc:1684 in checkTimeouts WARNING[1]: aborting ECHO RPC to server 14:58:d0:58:5f:03, sequence 334183: timeout
1487749070.840623974 HomaTransport.cc:1684 in checkTimeouts WARNING[1]: aborting ECHO RPC to server 14:58:d0:58:9f:53, sequence 334265: timeout
1487749100.175838587 HomaTransport.cc:1722 in checkTimeouts WARNING[1]: client rpc starved of grant, sequence 488620, grantOffset 3520650
**** client7.ms0826.log:
1487749019.379519878 HomaTransport.cc:1684 in checkTimeouts WARNING[1]: aborting ECHO RPC to server 14:58:d0:58:5f:03, sequence 64310: timeout
1487749053.866099626 HomaTransport.cc:1684 in checkTimeouts WARNING[1]: aborting ECHO RPC to server 14:58:d0:58:5f:d3, sequence 245355: timeout
1487749064.890876823 HomaTransport.cc:1722 in checkTimeouts WARNING[1]: client rpc starved of grant, sequence 303505, grantOffset 1487640
1487749068.503896469 HomaTransport.cc:1684 in checkTimeouts WARNING[1]: aborting ECHO RPC to server 14:58:d0:58:8f:a3, sequence 322149: timeout
1487749072.454831004 HomaTransport.cc:1684 in checkTimeouts WARNING[1]: aborting ECHO RPC to server 14:58:d0:58:9f:53, sequence 342631: timeout
1487749089.869303040 HomaTransport.cc:1684 in checkTimeouts WARNING[1]: aborting ECHO RPC to server 14:58:d0:58:df:63, sequence 434478: timeout
1487749089.951349988 HomaTransport.cc:1684 in checkTimeouts WARNING[1]: aborting ECHO RPC to server 14:58:d0:58:9f:53, sequence 434734: timeout
1487749089.951360628 HomaTransport.cc:1722 in checkTimeouts WARNING[1]: client rpc starved of grant, sequence 434943, grantOffset 8820
1487749090.665749709 HomaTransport.cc:1722 in checkTimeouts WARNING[1]: client rpc starved of grant, sequence 439169, grantOffset 8820
1487749091.847961157 HomaTransport.cc:1684 in checkTimeouts WARNING[1]: aborting ECHO RPC to server 14:58:d0:58:bf:e3, sequence 444769: timeout
1487749092.728144908 HomaTransport.cc:1722 in checkTimeouts WARNING[1]: client rpc starved of grant, sequence 449798, grantOffset 3426570
**** server9.ms0816.log:
1487749067.031814703 HomaTransport.cc:1779 in checkTimeouts WARNING[1]: server rpc starved of grant, sequence 315709, grantOffset 832020
1487749089.854525461 HomaTransport.cc:1779 in checkTimeouts WARNING[1]: server rpc starved of grant, sequence 435704, grantOffset 1678740
1487749091.969303622 HomaTransport.cc:1779 in checkTimeouts WARNING[1]: server rpc starved of grant, sequence 446950, grantOffset 8820

