# Generated by 'clusterperf.py echoWorkload'
#
#   Size   Samples       Min    Median       90%       99%     99.9%       Max
#-----------------------------------------------------------------------------
      53      6288       4.8      11.1      25.9      48.9     173.4     264.5
      56      6120       5.0      11.1      25.9      50.2     183.2     380.7
      60      6382       4.9      11.1      25.6      48.0     192.9     249.0
      64      6125       5.0      11.1      25.7      48.0     186.8     257.3
      68      6274       5.0      11.2      25.8      47.9     164.8    1024.7
      72      6281       5.0      11.2      25.9      45.1     192.6     244.2
      77      6210       5.1      11.2      25.8      47.2     183.7    3216.8
      81      6126       5.1      11.2      25.9      54.2     231.8     898.3
      87      6262       5.1      11.1      25.7      48.5     209.8     446.7
      92      6342       5.2      11.2      25.9      47.4     177.2     246.5
     100      6362       5.3      11.5      26.3      50.5     217.2     250.1
     109      6268       5.4      11.2      26.3      48.4     191.2     236.1
     119      6299       5.4      11.5      26.5      48.2     196.1     251.0
     130      6141       5.4      11.4      26.1      48.6     228.3    1558.7
     141      6263       5.4      11.4      26.6      50.5     214.1    1042.3
     154      6422       5.5      11.4      25.9      50.2     216.5     266.7
     168      6252       5.5      11.6      26.6      50.4     183.2     500.2
     183      6288       5.7      11.5      26.3      47.2     179.7     247.2
     199      6315       5.7      11.5      26.2      47.9     170.7     262.0
     217      6230       5.8      11.7      26.7      53.4     204.2    8067.7
     222     21732       5.8      11.6      26.6      48.8     220.4     992.6
     227     22039       5.8      11.7      26.6      49.6     185.8    3131.8
     232     21773       5.8      11.7      26.6      52.1     213.6    3212.6
     237     21689       5.8      11.7      26.7      50.1     186.3    1849.2
     243     21741       5.8      11.8      26.5      49.6     196.2    5993.5
     248     21990       5.9      11.7      26.3      50.1     205.9    1103.2
     254     21625       5.8      11.7      26.6      51.3     224.2    1876.2
     259     21944       6.0      11.7      26.3      49.4     205.8     261.8
     265     22049       6.0      11.8      26.6      48.9     166.3     391.8
     271     21619       6.0      11.7      26.8      48.8     194.6     397.7
     274      9351       6.0      11.8      26.7      49.7     201.9     266.9
     277      9369       6.0      11.7      26.5      48.6     193.6     311.1
     279      9140       6.1      11.8      27.1      51.3     189.6     258.0
     282      9272       6.1      11.8      26.6      49.4     199.9     305.6
     285      9281       6.1      11.9      26.7      48.2     207.5     719.3
     288      9402       6.1      11.8      26.2      51.6     192.7     556.9
     291      9156       6.0      11.9      26.8      50.0     214.9     287.9
     294      9388       6.1      11.8      26.9      52.0     195.2     272.0
     297      9269       6.0      11.8      26.9      50.7     204.5     256.0
     300      9345       6.1      11.9      26.4      47.1     183.7     229.3
     303     71866       6.1      11.9      26.6      50.3     202.5    2664.1
     305     71958       6.1      11.9      26.7      49.8     207.9    1155.7
     308     72170       6.0      11.9      26.6      49.5     204.6    2112.2
     310     71597       6.0      11.9      26.8      50.4     201.4    1308.6
     313     71775       6.1      11.9      26.8      51.0     209.2    1587.9
     315     71692       6.1      11.9      26.5      50.0     207.8    6556.9
     318     71660       6.2      11.9      26.7      50.0     213.0     453.7
     321     71828       6.2      11.9      26.9      49.3     205.6     833.5
     323     71846       6.2      12.0      26.6      49.6     202.9    9912.2
     326     71659       6.2      12.0      26.7      49.4     204.6    1362.2
     331     55120       6.2      12.0      26.8      49.9     209.6    6433.8
     335     54249       6.2      12.0      26.7      50.2     203.2    8065.3
     340     54647       6.3      12.1      26.9      49.1     191.3    2219.3
     345     54790       6.2      12.0      26.9      50.9     212.4    3168.9
     350     54643       6.3      12.1      26.8      50.6     202.0    2153.5
     355     54428       6.4      12.1      26.9      49.1     205.9     451.3
     360     54817       6.3      12.1      27.0      50.4     199.5     948.5
     365     54637       6.3      12.2      27.1      49.6     196.4     501.0
     371     54970       6.4      12.2      26.9      50.2     207.4    2173.5
     376     54748       6.4      12.2      26.9      49.6     188.0     294.9
     381     17346       6.5      12.2      27.4      51.4     217.4     484.6
     385     16950       6.5      12.2      26.9      50.3     199.5     258.2
     390     17282       6.4      12.3      27.0      51.1     174.0     260.0
     395     17180       6.5      12.3      27.1      49.6     224.9    1535.3
     400     17034       6.5      12.3      27.0      49.6     195.9    1659.9
     405     17034       6.6      12.3      26.9      48.4     200.0     261.1
     410     17387       6.6      12.3      27.1      49.4     195.9     267.4
     415     17033       6.6      12.3      27.0      50.8     187.7     306.7
     420     17099       6.7      12.4      27.2      49.6     207.8     256.0
     425     17236       6.7      12.4      27.3      51.0     214.0     274.1
     430     34470       6.7      12.4      27.5      50.8     201.6    2628.6
     435     34179       6.7      12.4      27.2      49.7     206.5     295.9
     441     34327       6.7      12.4      27.3      49.4     216.5    1318.3
     446     34469       6.7      12.4      27.6      51.6     210.4    1853.7
     452     34694       6.7      12.5      27.3      50.2     198.7     432.7
     457     34381       6.7      12.5      27.2      49.7     207.3     463.6
     463     34290       6.8      12.5      27.3      50.7     206.7    8263.1
     468     34206       6.8      12.5      27.5      50.3     203.8     448.2
     474     34187       6.8      12.6      27.5      49.8     212.1     348.5
     480     34374       6.8      12.6      27.6      50.0     192.9    4804.5
     491    164353       6.8      12.6      27.3      50.3     199.7    1646.2
     502    163807       6.9      12.7      27.6      51.0     207.3    1408.0
     513    163802       7.0      12.7      27.6      50.5     208.3    2516.6
     525    163770       7.0      12.8      27.6      50.5     192.1    1646.0
     537    163935       7.0      12.8      27.6      50.8     208.2    5027.7
     549    164114       7.1      12.8      27.6      51.0     196.5    1861.3
     561    163983       7.2      12.9      27.9      50.7     197.8    3231.5
     574    164263       7.2      12.9      27.8      50.8     202.3    9654.3
     587    164313       7.3      12.9      27.8      50.2     199.9    3187.4
     600    163821       7.3      13.0      27.9      51.4     207.1    3179.4
     607     48328       7.5      13.0      27.8      51.0     206.0    3224.5
     615     48743       7.4      13.0      27.8      50.1     200.7    3133.1
     623     48944       7.5      13.1      28.1      51.9     207.6    1532.9
     630     48144       7.5      13.1      28.0      51.7     216.5    1618.7
     638     48826       7.5      13.1      27.9      50.9     201.7     585.1
     646     48121       7.6      13.1      27.9      51.4     203.8    7255.0
     654     48325       7.6      13.1      27.9      51.1     203.7     833.3
     662     48708       7.6      13.1      28.1      51.5     208.3     463.4
     671     48390       7.7      13.2      28.1      51.2     210.1    6397.8
     679     48370       7.7      13.2      28.1      50.8     200.3    3185.9
     685     29782       7.7      13.2      28.0      51.2     205.0     279.4
     690     29648       7.8      13.3      28.3      52.6     207.0     305.7
     696     29357       7.8      13.2      28.0      51.3     209.4     362.7
     702     29643       7.8      13.2      28.0      51.2     219.8    1491.3
     707     29584       7.9      13.2      28.2      51.9     195.2    1335.6
     713     29748       7.9      13.3      28.3      51.5     192.1     383.2
     719     29608       7.9      13.3      28.2      51.7     207.5     330.0
     725     29568       7.9      13.3      28.4      51.9     214.6     285.6
     731     29535       8.0      13.4      28.0      51.1     210.8     500.7
     737     29724       8.0      13.4      28.2      51.6     210.4     269.8
     743     20439       8.1      13.5      28.3      51.4     195.9     282.4
     749     20398       8.1      13.5      28.5      52.2     205.6     529.8
     755     20198       8.1      13.5      28.3      53.2     207.5    5215.6
     762     20581       8.1      13.5      28.5      50.5     188.1     470.0
     768     20413       8.1      13.5      28.7      51.1     205.2     296.4
     774     20209       8.2      13.5      28.4      52.4     201.7     463.4
     781     20197       8.2      13.4      28.5      52.5     220.3     918.8
     787     20275       8.2      13.6      28.6      52.7     213.4     263.1
     793     20319       8.2      13.5      28.1      51.1     211.8     272.6
     800     20512       8.3      13.5      28.1      50.2     197.8     269.2
     808     12622       8.3      13.5      28.7      49.8     174.1     389.0
     816     12589       8.4      13.6      28.5      52.8     219.6     271.2
     825     12558       8.3      13.7      28.5      51.1     211.6     412.8
     833     12672       8.4      13.6      28.4      48.9     194.1     733.9
     841     12789       8.5      13.6      28.6      54.4     210.9     281.6
     850     12648       8.5      13.7      28.7      52.1     180.6     256.3
     859     12509       8.5      13.6      28.1      49.6     220.0    1614.9
     867     12347       8.5      13.8      28.8      51.8     191.8    3400.4
     876     12579       8.6      13.7      28.6      50.4     210.4     257.1
     885     12422       8.6      13.9      28.7      52.0     200.8     666.3
     900     15199       8.6      13.9      28.7      51.5     197.3     278.7
     914     15547       8.8      13.8      29.1      53.3     225.2     458.5
     929     15600       8.8      13.9      28.9      52.8     172.2    1622.8
     945     15329       8.8      13.9      28.5      50.2     167.8     267.6
     960     15493       9.0      14.0      28.8      53.5     226.6     297.4
     976     15700       9.0      14.0      28.6      51.2     170.0     258.1
     992     15504       9.1      14.1      29.1      52.6     214.9     278.3
    1009     15557       9.2      14.1      28.9      54.4     206.3     307.3
    1025     15668       9.2      14.2      29.2      53.0     208.2     264.1
    1042     15519       9.3      14.3      28.9      49.9     213.4     985.4
    1063     15365       9.3      14.4      29.1      51.0     209.7     262.6
    1085     15488       9.4      14.3      29.4      52.7     206.2     344.9
    1108     15515       9.6      14.5      29.7      52.1     195.8    1034.2
    1130     15422       9.6      14.6      29.5      54.0     203.6     329.1
    1154     15722       9.8      14.7      29.2      51.8     203.6     290.4
    1177     15746       9.9      14.7      29.5      52.1     206.4     276.7
    1201     15532       9.9      14.8      29.4      52.9     196.9    3129.6
    1226     15443      10.0      15.0      30.0      54.3     214.2     353.3
    1251     15352      10.2      15.1      30.3      51.6     207.2     396.1
    1277     15744      10.3      15.1      30.1      53.1     205.1     335.4
    1290      9391      10.4      15.2      30.0      54.2     211.2     275.8
    1303      9425      10.4      15.2      30.0      53.8     205.9     259.4
    1316      9493      10.5      15.3      30.5      53.7     231.5     451.9
    1330      9538      10.4      15.2      29.8      53.6     199.8     256.8
    1343      9266      10.6      15.2      30.2      52.9     195.1     270.6
    1357      9431      10.7      15.3      29.9      52.3     224.1    1609.4
    1371      9463      10.6      15.5      30.6      53.5     232.9     451.4
    1385      9478      10.8      15.4      30.3      53.7     219.0     272.4
    1399      9226      10.8      15.5      30.3      55.4     194.0     267.8
    1413      9486      10.9      15.6      30.2      54.6     199.0     292.9
    1425      6121      10.9      15.6      29.9      54.3     182.1    8071.9
    1436      6263      11.0      15.5      30.1      52.6     219.0     508.7
    1448      6233      11.0      15.6      30.7      53.9     230.8     851.7
    1460      6273      11.7      16.4      30.8      54.6     196.4     262.0
    1472      6355      12.1      17.1      32.0      57.3     206.1     261.0
    1484      6170      11.9      16.7      31.7      57.1     190.3     241.4
    1497      6292      12.0      16.9      31.2      54.0     189.3    1030.4
    1509      6254      12.0      16.9      31.3      53.9     225.3     287.6
    1521      6199      12.0      17.0      31.9      54.5     178.8     245.3
    1534      6238      11.9      17.2      32.1      56.5     214.8     233.3
    1547     17108      11.8      16.9      31.4      54.7     203.6     286.4
    1559     17101      11.8      17.1      31.6      55.7     214.8     739.8
    1572     17139      11.8      17.1      31.5      54.6     216.1     325.6
    1585     17213      11.8      17.0      31.7      53.6     208.4    1859.1
    1598     17212      11.9      17.1      31.9      56.7     225.8    1864.5
    1611     17373      11.9      16.9      31.4      54.9     238.7     275.7
    1624     17318      11.9      17.1      32.2      57.0     212.6    2486.9
    1637     17242      11.9      17.1      31.5      53.0     197.9     272.1
    1651     17364      12.0      17.0      31.7      54.5     182.4     257.1
    1664     17122      11.9      17.0      31.2      54.1     200.7     299.6
    1712      6306      11.9      17.1      31.9      52.6     210.8    1576.6
    1762      6126      11.9      17.2      31.6      56.1     181.6     268.0
    1813      6272      12.1      17.2      32.2      53.9     233.0     274.4
    1865      6224      12.2      17.6      32.4      57.8     233.8    1419.7
    1919      6213      12.5      17.8      32.2      56.1     236.6     274.8
    1975      6244      12.3      17.6      32.4      54.2     186.1     276.8
    2032      6312      12.3      17.7      32.6      56.0     227.7     269.5
    2091      6117      12.4      17.7      31.9      56.5     226.1    1138.5
    2152      6215      12.3      18.1      32.7      54.9     157.5     263.5
    2214      6217      12.5      18.0      32.7      57.7     199.6     257.5
    2311      7731      12.5      18.0      32.1      53.8     196.5     232.5
    2412      7893      12.5      18.1      32.9      55.6     256.6     440.5
    2517      7739      12.7      18.3      33.0      54.6     210.2     264.9
    2627      7767      12.9      18.4      33.0      57.6     210.4     294.3
    2742      7700      13.2      18.6      33.3      58.7     251.6     264.1
    2862      7851      13.4      18.8      33.0      56.2     239.7     897.0
    2987      7787      13.9      19.5      34.4      58.7     227.4     287.9
    3118      7898      14.1      19.4      33.7      59.1     215.4     339.1
    3254      7656      14.2      19.6      34.7      58.7     211.5     277.2
    3396      7780      14.3      20.1      34.8      57.7     160.6     252.3
    3544      7853      14.5      20.3      35.1      59.9     216.6    6297.4
    3699      7821      14.6      20.4      35.3      62.6     247.0     434.6
    3861      7772      14.9      20.7      35.9      62.4     222.6    3198.1
    4030      7784      15.3      20.9      35.7      60.6     224.1     613.0
    4206      7566      15.7      21.2      36.0      58.6     218.3     298.5
    4390      7937      16.1      21.5      35.5      60.5     248.5     409.4
    4582      7783      16.6      22.2      37.2      61.5     234.5     271.9
    4783      7866      16.8      22.6      37.3      61.0     239.7     287.1
    4992      7691      16.9      22.8      37.5      63.2     239.1    1625.0
    5210      7723      17.2      23.1      38.0      64.2     227.7     279.9
    5427     12298      17.7      23.4      38.5      65.0     227.9    4678.0
    5652     12529      18.2      23.7      38.5      61.4     207.2     321.5
    5887     12444      19.1      24.9      39.9      65.2     239.5     415.4
    6132     12409      19.1      24.9      39.6      64.6     235.2     285.9
    6387     12571      19.3      25.5      40.5      66.8     243.8    1374.8
    6653     12639      19.6      25.8      40.8      67.0     245.1    1034.6
    6929     12561      20.2      26.2      41.3      65.7     212.9     776.5
    7217     12469      20.7      26.7      41.5      66.1     239.8    1900.2
    7517     12469      21.5      27.7      42.6      66.9     234.0     279.7
    7830     12538      21.8      28.2      43.1      67.1     219.5     460.4
    9012     10922      24.1      42.7      84.8     141.8     275.1     344.8
   10373     10830      28.6      47.9      91.5     154.9     279.0     347.1
   11939     11015      31.4      51.7      95.7     160.8     285.6     357.5
   13741     10907      34.1      56.1     100.2     153.9     294.8     367.8
   15816     10989      37.4      59.7     103.7     163.5     299.9     391.9
   18203     11017      41.4      75.3     143.8     239.4     361.0     516.6
   20952     10935      47.0      85.7     153.8     248.2     350.6     480.4
   24115     10865      52.4      94.3     163.9     265.0     380.5    3280.3
   27756     10828      59.2     110.8     207.9     329.4     440.8     610.2
   31946     10898      66.3     124.6     219.2     351.4     463.5    3333.5
   32405      7764      67.7     128.0     226.0     363.6     463.0     581.4
   32871      7831      68.1     128.2     223.3     354.3     459.3     565.0
   33343      7922      69.1     128.1     224.3     355.0     466.1     622.5
   33822      7739      69.6     130.4     228.1     359.9     479.5     595.2
   34308      7723      70.4     132.4     234.2     361.4     454.2     622.2
   34801      7790      71.2     132.4     230.6     358.2     464.9     589.6
   35301      7822      72.5     139.2     251.1     397.9     591.3     794.7
   35808      7796      73.6     141.2     260.8     404.9     527.2     643.7
   36322      7870      73.8     142.6     261.4     408.7     529.2     680.0
   36844      7847      75.1     146.4     266.3     420.2     537.2     658.6
   37146      7890      75.5     145.2     263.6     415.1     560.1     682.2
   37450      7836      76.2     146.3     261.6     410.8     572.7     710.1
   37756      7724      76.5     148.5     267.3     420.7     544.6     663.0
   38065      7803      77.4     150.2     265.6     430.6     594.7    1761.3
   38377      7812      78.1     151.2     275.3     423.9     636.8    8247.8
   38691      7815      78.0     152.2     272.1     424.0     528.9     925.6
   39007      7748      78.3     153.1     277.5     435.7     551.9    8310.4
   39327      7766      79.2     153.8     274.8     431.1     542.7     626.8
   39648      7722      80.0     154.9     277.5     436.3     558.2     743.8
   39973      7813      81.2     157.0     279.9     439.0     569.1     676.0
   40382     15468      80.8     157.4     278.1     430.5     550.8    1487.2
   40796     15500      81.4     157.1     279.4     438.7     555.1    8377.1
   41214     15542      83.2     160.0     279.9     439.7     588.9     713.9
   41636     15756      84.2     162.6     285.0     447.2     579.6    3146.7
   42062     15511      84.6     163.2     286.3     444.4     560.8    1876.0
   42493     15762      85.6     164.1     285.7     445.8     601.3    1807.6
   42928     15461      86.5     166.1     291.1     449.7     582.6    2752.8
   43367     15565      87.0     167.3     292.0     443.8     574.8    1729.7
   43811     15619      87.3     168.4     292.7     455.3     589.9     746.0
   44260     15532      88.4     173.3     314.6     493.7     633.6    3301.8
   44531     17222      88.1     174.9     316.4     492.4     660.6    1741.5
   44804     16997      88.6     174.9     320.9     498.0     659.2     913.5
   45079     17061      89.4     177.2     321.8     507.0     622.1    1105.9
   45356     17079      89.3     177.6     322.5     497.0     631.0     801.3
   45634     17156      90.8     178.7     320.9     502.1     655.0     934.7
   45913     17413      90.6     180.3     321.9     507.6     660.6    5078.5
   46195     17288      91.3     180.9     326.9     508.0     627.3    8547.8
   46478     17319      91.1     180.8     328.2     510.2     642.4     764.8
   46763     17097      91.8     181.4     330.1     515.5     666.0     948.3
   47050     17270      93.3     184.5     331.5     518.8     638.4   10134.9
   47435     31076      93.1     185.5     334.4     512.4     687.0    5316.4
   47823     31407      93.6     185.6     335.0     518.1     666.5    1036.8
   48215     31723      95.0     186.2     336.1     515.9     659.6     846.8
   48609     31349      95.8     189.2     338.2     516.1     657.7    1987.0
   49007     31205      96.3     192.5     339.9     525.2     681.9    1322.3
   49408     31249      96.6     192.7     340.3     533.9     673.8    1099.0
   49813     31527      97.4     193.8     341.9     525.2     677.7     893.7
   50221     31143      98.5     195.7     347.7     532.2     703.7    6278.5
   50632     31471      98.6     196.3     344.8     524.3     686.5   10788.6
   51046     31173      99.7     196.9     350.7     537.0     709.7    6772.5
   52097      6129     101.9     202.1     363.0     553.8     747.2    2861.6
   53169      6136     104.4     208.3     379.9     588.1     759.1     938.4
   54264      6198     106.0     209.6     378.7     575.9     775.8     916.9
   55381      6219     108.0     216.1     392.7     588.8     752.1     828.6
   56521      6132     109.2     221.6     395.9     602.5     742.5     845.3
   57684      6269     112.3     226.8     400.7     635.6     830.9    1517.2
   58872      6302     114.8     230.1     400.4     614.4     808.5    1030.7
   60084      6196     116.8     232.7     407.6     622.4     774.6     874.2
   61321      6193     118.9     237.2     416.4     650.5     783.2    1024.1
   62583      6129     120.4     245.3     443.2     692.4     877.4    1647.0
   63353      7859     121.9     249.6     444.1     692.2     883.7    1134.7
   64132      7865     123.1     251.0     454.8     696.8     970.0    8278.3
   64921      7858     125.7     255.3     457.5     695.0     899.2    1242.5
   65720      7868     126.5     256.0     450.7     694.1     845.4    1024.7
   66528      7784     128.5     258.0     456.5     708.0     900.1    2344.8
   67347      7928     129.4     262.1     467.6     713.4     964.3    1314.2
   68175      7799     130.0     265.2     466.2     721.8     930.1    1266.1
   69014      7855     132.0     269.1     464.3     718.9     919.5    1389.3
   69863      7724     134.3     271.1     475.0     726.3     947.8    1239.2
   70722      7843     135.6     278.4     495.5     760.4     991.4    1737.8
   71156      7736     136.6     279.4     493.9     766.0     956.9    1097.6
   71592      7849     136.5     280.8     502.6     784.2    1060.7    9064.1
   72031      7819     139.2     284.6     514.5     773.8     996.9    1310.0
   72473      7751     139.1     283.0     495.9     776.7    1021.3    1682.8
   72917      7840     138.8     285.4     508.9     784.2    1050.8    7151.6
   73364      7776     140.2     287.2     506.4     749.5     962.5    1181.1
   73814      7795     141.2     288.8     512.6     790.9    1012.0    5744.6
   74266      7718     141.7     294.1     522.1     794.5    1019.5    1223.4
   74722      7776     143.0     290.2     514.5     799.2    1062.6    1326.5
   75180      7687     143.4     295.2     522.5     791.4    1149.0    2836.4
   75795     25042     143.8     298.0     522.1     799.8    1054.5    2592.8
   76416     25065     145.2     298.6     525.0     804.7    1046.5    1599.7
   77041     25037     146.0     302.0     528.5     805.3    1051.4    1383.7
   77672     24996     146.8     304.5     532.4     817.8    1041.7    2251.5
   78307     25104     148.5     305.9     539.4     819.6    1110.1    9513.4
   78948     24932     149.7     308.4     537.8     814.8    1048.9    2037.2
   79595     25076     150.7     312.8     554.5     848.6    1117.3    1995.0
   80246     25080     151.3     313.7     552.5     849.8    1164.6    9749.8
   80903     24926     153.4     319.9     561.4     853.6    1106.4    4683.4
   81565     25064     153.6     319.6     563.5     853.0    1083.5    1483.1
   83414     14253     157.7     328.8     576.5     896.3    1183.9    1458.1
   85305     14075     161.8     334.0     587.0     903.1    1215.0    6029.6
   87238     14157     164.4     339.9     594.9     900.3    1218.7    1728.4
   89216     14256     168.5     349.3     612.9     942.9    1287.0    9738.0
   91238     14247     172.7     360.7     630.6     963.9    1294.5    1663.0
   93306     14273     174.8     366.3     639.5     970.8    1275.9    3402.9
   95421     13954     179.7     376.8     652.3     987.9    1304.3    1692.3
   97584     14038     182.7     384.5     672.6    1032.8    1382.6    2219.6
   99796     14323     187.2     392.0     681.9    1058.7    1366.6    3627.2
  102058     14053     192.1     401.4     693.9    1064.7    1432.2    2299.4
  103313      7702     194.5     406.6     713.8    1083.9    1387.4    2214.9
  104584      7791     195.7     416.4     717.1    1080.9    1404.8    1860.7
  105871      7821     199.6     418.6     735.5    1112.3    1396.6    1816.3
  107173      7790     202.7     422.2     741.9    1143.6    1469.2    2100.4
  108492      7955     203.3     430.8     748.2    1144.6    1492.6    1868.9
  109826      7864     206.8     435.9     752.7    1156.1    1590.9    1891.8
  111177      7898     210.4     437.0     754.4    1185.1    1610.7    3347.5
  112545      7790     211.1     440.1     761.2    1161.0    1472.8    3357.1
  113929      7904     213.0     454.4     796.2    1198.3    1545.5    9029.0
  115331      7815     215.5     457.1     794.1    1230.9    1645.4    1834.6
  116988      7709     219.1     463.9     806.6    1236.4    1602.1    2956.0
  118669      7535     222.9     469.5     811.8    1267.7    1645.8    1944.7
  120373      7850     224.4     478.5     826.3    1246.2    1685.1    8091.2
  122103      7738     227.9     483.8     834.4    1253.6    1624.6    6656.1
  123857      7783     231.9     487.7     851.5    1294.2    1651.4   10354.5
  125636      7709     234.2     495.9     858.6    1329.9    1843.3    3317.6
  127441      7699     237.6     502.1     876.9    1346.2    1811.2    2106.9
  129272      7816     240.7     510.2     885.0    1348.2    1736.7    2368.0
  131129      7779     244.3     518.0     902.7    1384.0    1824.1    2061.8
  133013      7713     247.1     533.2     911.0    1357.0    1842.5    2141.2
  135199      7907     250.9     537.7     939.1    1427.3    1925.5    6548.2
  137421      7880     255.9     547.4     948.5    1446.8    1883.9    2917.3
  139679      7921     259.8     562.2     959.5    1453.8    2016.2    3027.0
  141975      7885     262.7     568.3     984.4    1477.5    2021.7    2394.0
  144308      7866     267.4     578.3     996.1    1520.8    2157.7    3892.4
  146680      7874     271.1     584.6    1009.7    1510.5    2119.7    7468.4
  149091      8093     274.2     597.1    1031.3    1588.0    2071.8    3073.0
  151541      7924     281.1     603.0    1040.3    1590.8    2050.6    2462.9
  154032      7832     285.9     621.5    1071.8    1624.1    2062.1    2865.6
  156563      7902     289.0     633.6    1087.4    1657.8    2224.5    2978.8
  159136      7749     294.6     643.8    1108.7    1687.5    2204.3   14897.6
  161752      7722     298.4     651.2    1098.3    1699.3    2290.7   11153.0
  164410      7826     302.2     668.1    1146.4    1723.5    2296.7    2849.7
  167112      7815     307.7     676.1    1155.1    1759.4    2402.4    2711.1
  169859      7652     312.4     688.1    1172.3    1728.3    2234.4    2850.7
  172651      7986     315.8     699.6    1196.5    1798.8    2499.1    2667.2
  175488      7871     321.9     709.5    1201.2    1840.8    2496.3   10067.4
  178373      7714     328.1     716.8    1226.3    1864.7    2548.7    3082.8
  181304      7757     333.1     740.1    1263.0    1932.7    2572.5    8865.2
  184284      7745     338.8     743.3    1272.8    1909.0    2453.8    3021.5
  186932      7831     345.8     755.6    1284.9    1938.5    2517.9    3431.5
  189618      7695     349.5     760.7    1293.0    1986.1    2549.6    4871.4
  192343      7924     353.4     779.5    1334.9    2064.3    2854.3   16470.7
  195107      7816     359.0     788.1    1360.9    2063.6    2697.6   12178.2
  197911      7753     362.1     807.5    1381.5    2144.9    2891.3    3424.5
  200755      7833     368.2     818.6    1401.2    2138.3    2726.9    3500.4
  203640      7826     371.9     842.0    1419.1    2189.4    2774.7    6393.9
  206566      7736     379.1     839.1    1428.9    2163.3    2807.7    3586.6
  209535      7738     382.8     854.4    1437.6    2143.1    2949.1    4153.8
  212546      7526     386.7     872.1    1445.3    2180.1    2804.8    3959.8
  215160      7918     394.6     878.8    1475.6    2230.0    3182.0    6781.4
  217805      7813     400.9     888.7    1517.1    2227.9    2975.8    3613.3
  220484      7920     405.0     899.1    1503.5    2290.8    3014.2    3313.2
  223195      7747     408.1     915.8    1542.3    2362.9    3176.2    9922.1
  225940      7877     411.9     925.2    1572.1    2411.4    3166.8    9768.4
  228718      7724     417.9     933.2    1593.4    2368.8    3274.6    3744.7
  231530      7780     425.4     958.1    1595.9    2442.6    3129.3    4799.4
  234377      7861     430.2     969.4    1629.0    2464.0    3291.5   12524.9
  237259      8003     440.7     979.7    1629.4    2436.5    3494.4    4488.9
  240177      7860     438.5     987.5    1658.6    2520.2    3440.3    6426.1
  244622      8014     448.0     993.7    1663.5    2528.2    3421.6    8841.0
  249150      7879     454.8    1031.5    1756.4    2658.5    3875.3    8931.6
  253761      7670     462.2    1041.0    1741.0    2601.1    3539.5   10653.2
  258458      7822     471.9    1066.7    1798.1    2672.5    3742.9    5595.2
  263241      7911     482.1    1090.2    1827.8    2769.0    3797.8   12161.5
  268113      7847     488.7    1113.3    1870.0    2848.3    3608.5   11119.5
  273075      7807     499.8    1125.2    1888.4    2820.4    3589.8    8522.0
  278129      7817     524.1    1160.2    1937.0    2900.8    3956.3    7608.0
  283277      7755     522.1    1167.6    1961.6    2928.1    3786.6    7674.4
  288520      7918     525.2    1198.2    2003.8    2988.3    3843.6    4897.0
  302981      7826     554.5    1257.3    2079.2    3214.9    4064.6    4974.1
  318166      7799     596.1    1322.8    2238.9    3412.3    4585.4    6110.2
  334113      7739     612.2    1403.6    2304.4    3499.4    4410.0   12244.5
  350858      7835     638.8    1484.4    2433.8    3641.3    4706.2   10600.7
  368444      7916     669.2    1551.0    2546.7    3789.7    5001.1   13531.5
  386910      7804     707.0    1639.8    2684.6    4076.2    5519.9    7349.8
  406302      7846     736.0    1734.2    2831.8    4195.7    5708.0    8933.2
  426666      7863     774.1    1793.6    2944.4    4430.8    6065.7   15141.3
  448051      7686     810.9    1914.7    3123.1    4625.2    5769.2   11495.5
  470507      7808     892.8    2015.6    3296.3    4922.8    6310.3   14181.5
  492079      4670     898.0    2110.1    3464.2    5238.1    6773.6    7095.4
  514641      4730     934.6    2210.6    3596.9    5379.6    6954.9   17655.4
  538237      4573     991.9    2346.5    3790.0    5827.5    7210.4    9200.7
  562914      4643    1050.5    2456.2    3985.5    6005.4    8554.2   18875.0
  588723      4645    1065.6    2564.9    4126.2    6303.0    8314.2    8951.9
  615716      4667    1131.4    2688.8    4292.6    6398.6    8591.8    9268.4
  643946      4751    1165.9    2817.7    4527.5    6668.5    8894.5   22278.7
  673470      4782    1238.7    2962.8    4719.6    6938.4    9162.7   10035.6
  704348      4714    1322.8    3090.0    4912.3    7184.4    9219.5   11168.5
  736642      4719    1382.8    3267.2    5249.2    7746.6   11020.4   19369.5
  754877      3032    1581.5    3326.4    5296.0    7767.5   10865.2   13852.6
  773563      3108    1514.9    3433.2    5482.9    8126.8   11921.3   13952.8
  792711      3045    1589.8    3533.1    5499.4    8174.7   11533.0   13985.6
  812333      3179    1510.6    3611.6    5674.4    8637.4   10404.2   10781.2
  832442      3141    1555.9    3696.7    5829.9    8953.1   12524.1   14909.2
  853048      3151    1584.2    3806.6    6074.9    8918.7   10929.2   11911.7
  874164      3015    1696.9    3895.6    6270.7    9133.9   11907.1   13086.3
  895802      3132    1640.3    4004.9    6495.8    9756.0   13367.0   16197.4
  917977      3122    1870.6    4088.0    6359.4    9693.1   11433.9   12494.6
  940700      3176    1801.6    4273.6    6806.1    9888.7   12868.0   13443.8
 1002039      7794    1843.1    4527.3    7196.8   10918.0   16061.9   23801.2
 1067379      7713    2019.9    4835.7    7552.5   11264.4   14944.5   20688.4
 1136978      7784    2225.6    5257.2    8233.8   12176.0   16353.9   20641.6
 1211116      7821    2439.0    5620.3    8843.8   13062.1   17090.8   22692.7
 1290088      7747    2437.1    6044.6    9364.7   13634.6   18015.0   24267.1
 1374210      7752    2625.8    6434.8   10041.4   15252.6   20301.4   27025.6
 1463817      7786    2931.1    6895.0   10853.6   15841.1   21066.9   28377.8
 1559267      7758    3080.1    7339.2   11594.4   17000.0   23612.7   29613.0
 1660940      7933    3365.3    7934.0   12374.8   18982.4   25571.7   30195.8
 1769244      7710    3625.5    8527.3   13300.6   19296.5   25292.2   39851.4
 1805665      4716    3804.8    8758.1   13660.0   19775.7   30211.1   38469.5
 1842837      4675    3757.2    8918.5   13826.9   20439.6   25958.3   34943.9
 1880773      4658    4031.2    9079.9   14493.8   21262.6   29232.9   38005.6
 1919490      4646    4169.1    9443.7   14511.6   21756.5   33031.8   43207.1
 1959005      4692    4066.1    9524.8   14847.5   21788.9   30429.5   50506.5
 1999332      4714    4257.6    9674.4   15173.6   22500.5   31144.8   35447.8
 2040490      4722    4311.2   10060.6   15889.9   23127.2   34857.6   45250.3
 2082496      4776    4149.1   10159.5   16182.4   24478.5   36098.6   48005.3
 2125366      4711    4368.9   10441.5   16601.3   23430.3   33734.1   47226.3
 2169118      4707    4564.4   10694.4   16968.1   24961.9   33246.1   64148.1
 2527289     10979    4973.8   12837.9   20171.5   29864.9   40925.6   52222.8
 2944602     10831    5999.3   15243.8   24120.6   35626.2   48002.9   63593.2
 3430822     10924    7409.6   18296.3   28494.2   42813.2   57056.4   68714.4
 3997329     10699    8895.4   21853.4   34900.7   52120.4   69727.4  110666.7
 4657379     10832   10070.8   26437.3   42034.6   63572.8   89060.3  111050.2
 5426418     10877   12297.7   31621.5   50841.1   76310.5  106586.6  134552.4
 6322443     10958   15360.4   38070.9   62586.7   96232.2  129818.4  148549.0
 7366423     10751   18348.3   45766.1   76481.3  119568.3  159794.3  212987.3
 8582787     10718   21011.9   55974.1   94374.0  153154.7  197054.2  276601.5
10000000     10703   25640.2   67600.5  122437.7  192928.6  255523.0  331185.0
**** server12.ms0819.log:
1487745406.249828461 HomaTransport.cc:1779 in checkTimeouts WARNING[1]: server rpc starved of grant, sequence 26630, grantOffset 8820
1487745418.112069283 HomaTransport.cc:1779 in checkTimeouts WARNING[1]: server rpc starved of grant, sequence 89099, grantOffset 354270
1487745431.223318475 HomaTransport.cc:1779 in checkTimeouts WARNING[1]: server rpc starved of grant, sequence 157899, grantOffset 8143800
1487745437.139288550 HomaTransport.cc:1779 in checkTimeouts WARNING[1]: server rpc starved of grant, sequence 189106, grantOffset 17640
1487745461.092992534 HomaTransport.cc:1779 in checkTimeouts WARNING[1]: server rpc starved of grant, sequence 315337, grantOffset 1130430
1487745465.180899415 HomaTransport.cc:1779 in checkTimeouts WARNING[1]: server rpc starved of grant, sequence 336800, grantOffset 8820
1487745468.906045269 HomaTransport.cc:1779 in checkTimeouts WARNING[1]: server rpc starved of grant, sequence 356369, grantOffset 2801820
1487745497.386058469 HomaTransport.cc:1779 in checkTimeouts WARNING[1]: server rpc starved of grant, sequence 505626, grantOffset 8820
**** server15.ms0822.log:
1487745440.188334803 HomaTransport.cc:1779 in checkTimeouts WARNING[1]: server rpc starved of grant, sequence 205217, grantOffset 1994790
1487745446.394922757 HomaTransport.cc:1779 in checkTimeouts WARNING[1]: server rpc starved of grant, sequence 238234, grantOffset 8820
1487745463.803415439 HomaTransport.cc:1779 in checkTimeouts WARNING[1]: server rpc starved of grant, sequence 330368, grantOffset 8820
1487745479.338326697 HomaTransport.cc:1779 in checkTimeouts WARNING[1]: server rpc starved of grant, sequence 411973, grantOffset 8820
**** client14.ms0837.log:
1487745444.349221431 HomaTransport.cc:1722 in checkTimeouts WARNING[1]: client rpc starved of grant, sequence 226151, grantOffset 595350
1487745469.321209928 HomaTransport.cc:1684 in checkTimeouts WARNING[1]: aborting ECHO RPC to server ec:b1:d7:85:7a:63, sequence 356761: timeout
1487745470.197346790 HomaTransport.cc:1722 in checkTimeouts WARNING[1]: client rpc starved of grant, sequence 361742, grantOffset 1784580
1487745477.137003736 HomaTransport.cc:1684 in checkTimeouts WARNING[1]: aborting ECHO RPC to server ec:b1:d7:85:6a:83, sequence 397754: timeout
1487745477.705116091 HomaTransport.cc:1684 in checkTimeouts WARNING[1]: aborting ECHO RPC to server 14:58:d0:58:df:33, sequence 400268: timeout
1487745477.715119490 HomaTransport.cc:1684 in checkTimeouts WARNING[1]: aborting ECHO RPC to server ec:b1:d7:85:7a:63, sequence 400460: timeout
1487745477.715151155 HomaTransport.cc:1684 in checkTimeouts WARNING[1]: aborting ECHO RPC to server 14:58:d0:58:8f:a3, sequence 400908: timeout
1487745500.834211078 HomaTransport.cc:1684 in checkTimeouts WARNING[1]: aborting ECHO RPC to server 14:58:d0:58:df:63, sequence 522202: timeout
**** server10.ms0817.log:
1487745402.720621997 HomaTransport.cc:1779 in checkTimeouts WARNING[1]: server rpc starved of grant, sequence 8198, grantOffset 335160
1487745406.944703026 HomaTransport.cc:1779 in checkTimeouts WARNING[1]: server rpc starved of grant, sequence 30208, grantOffset 3463320
1487745414.962170407 HomaTransport.cc:1779 in checkTimeouts WARNING[1]: server rpc starved of grant, sequence 72636, grantOffset 8820
1487745415.740403787 HomaTransport.cc:1779 in checkTimeouts WARNING[1]: server rpc starved of grant, sequence 76727, grantOffset 8820
1487745416.104513504 HomaTransport.cc:1779 in checkTimeouts WARNING[1]: server rpc starved of grant, sequence 78596, grantOffset 19110
1487745424.686967905 HomaTransport.cc:1779 in checkTimeouts WARNING[1]: server rpc starved of grant, sequence 123774, grantOffset 8820
1487745494.575462813 HomaTransport.cc:1779 in checkTimeouts WARNING[1]: server rpc starved of grant, sequence 491128, grantOffset 410130
**** server7.ms0814.log:
1487745426.370461068 HomaTransport.cc:1779 in checkTimeouts WARNING[1]: server rpc starved of grant, sequence 132809, grantOffset 4515840
1487745480.447085371 HomaTransport.cc:1779 in checkTimeouts WARNING[1]: server rpc starved of grant, sequence 417597, grantOffset 8820
**** client4.ms0827.log:
1487745416.851798373 HomaTransport.cc:1684 in checkTimeouts WARNING[1]: aborting ECHO RPC to server ec:b1:d7:85:7a:63, sequence 81835: timeout
1487745441.942790721 HomaTransport.cc:1722 in checkTimeouts WARNING[1]: client rpc starved of grant, sequence 213726, grantOffset 5458110
1487745443.595043206 HomaTransport.cc:1722 in checkTimeouts WARNING[1]: client rpc starved of grant, sequence 222665, grantOffset 1808100
1487745465.994473357 HomaTransport.cc:1684 in checkTimeouts WARNING[1]: aborting ECHO RPC to server 14:58:d0:58:7f:83, sequence 339470: timeout
1487745474.354507211 HomaTransport.cc:1684 in checkTimeouts WARNING[1]: aborting ECHO RPC to server 14:58:d0:58:5f:d3, sequence 383727: timeout
1487745474.376512579 HomaTransport.cc:1684 in checkTimeouts WARNING[1]: aborting ECHO RPC to server 14:58:d0:58:6f:73, sequence 383759: timeout
1487745474.476755761 HomaTransport.cc:1684 in checkTimeouts WARNING[1]: aborting ECHO RPC to server ec:b1:d7:85:6a:83, sequence 384147: timeout
1487745474.486755681 HomaTransport.cc:1684 in checkTimeouts WARNING[1]: aborting ECHO RPC to server ec:b1:d7:85:7a:63, sequence 383833: timeout
1487745474.700854266 HomaTransport.cc:1722 in checkTimeouts WARNING[1]: client rpc starved of grant, sequence 386045, grantOffset 1284780
1487745479.539948872 HomaTransport.cc:1684 in checkTimeouts WARNING[1]: aborting ECHO RPC to server 14:58:d0:58:5f:f3, sequence 410790: timeout
1487745497.062629388 HomaTransport.cc:1722 in checkTimeouts WARNING[1]: client rpc starved of grant, sequence 503478, grantOffset 8820
1487745497.114654109 HomaTransport.cc:1684 in checkTimeouts WARNING[1]: aborting ECHO RPC to server 14:58:d0:58:df:33, sequence 503242: timeout
1487745497.116653656 HomaTransport.cc:1684 in checkTimeouts WARNING[1]: aborting ECHO RPC to server ec:b1:d7:85:6a:83, sequence 503032: timeout
**** server5.ms0812.log:
1487745419.873048483 HomaTransport.cc:1779 in checkTimeouts WARNING[1]: server rpc starved of grant, sequence 98376, grantOffset 8820
1487745422.156136817 HomaTransport.cc:1779 in checkTimeouts WARNING[1]: server rpc starved of grant, sequence 110269, grantOffset 3636780
1487745426.073708046 HomaTransport.cc:1779 in checkTimeouts WARNING[1]: server rpc starved of grant, sequence 130897, grantOffset 6562080
1487745426.097777755 HomaTransport.cc:1779 in checkTimeouts WARNING[1]: server rpc starved of grant, sequence 131129, grantOffset 42630
1487745481.147077874 HomaTransport.cc:1779 in checkTimeouts WARNING[1]: server rpc starved of grant, sequence 421176, grantOffset 8820
**** server3.ms0808.log:
1487745424.239360397 HomaTransport.cc:1779 in checkTimeouts WARNING[1]: server rpc starved of grant, sequence 121352, grantOffset 98490
1487745442.208022696 HomaTransport.cc:1779 in checkTimeouts WARNING[1]: server rpc starved of grant, sequence 216098, grantOffset 8820
1487745463.427916011 HomaTransport.cc:1779 in checkTimeouts WARNING[1]: server rpc starved of grant, sequence 327433, grantOffset 6315120
1487745466.267009265 HomaTransport.cc:1779 in checkTimeouts WARNING[1]: server rpc starved of grant, sequence 342497, grantOffset 4858350
1487745486.250611912 HomaTransport.cc:1779 in checkTimeouts WARNING[1]: server rpc starved of grant, sequence 447574, grantOffset 8820
**** client3.ms0826.log:
1487745402.194712169 HomaTransport.cc:1722 in checkTimeouts WARNING[1]: client rpc starved of grant, sequence 5328, grantOffset 1417080
1487745424.806302230 HomaTransport.cc:1722 in checkTimeouts WARNING[1]: client rpc starved of grant, sequence 123761, grantOffset 4104240
1487745430.976976524 HomaTransport.cc:1722 in checkTimeouts WARNING[1]: client rpc starved of grant, sequence 156353, grantOffset 8820
1487745430.994984698 HomaTransport.cc:1684 in checkTimeouts WARNING[1]: aborting ECHO RPC to server 14:58:d0:58:7f:93, sequence 155993: timeout
1487745431.006989888 HomaTransport.cc:1684 in checkTimeouts WARNING[1]: aborting ECHO RPC to server 14:58:d0:58:9f:53, sequence 155949: timeout
1487745434.387943766 HomaTransport.cc:1684 in checkTimeouts WARNING[1]: aborting ECHO RPC to server 14:58:d0:58:7f:83, sequence 173584: timeout
1487745435.462382027 HomaTransport.cc:1722 in checkTimeouts WARNING[1]: client rpc starved of grant, sequence 179894, grantOffset 914340
1487745437.800792314 HomaTransport.cc:1722 in checkTimeouts WARNING[1]: client rpc starved of grant, sequence 192162, grantOffset 116130
1487745450.329069834 HomaTransport.cc:1684 in checkTimeouts WARNING[1]: aborting ECHO RPC to server ec:b1:d7:85:7a:63, sequence 257485: timeout
1487745459.915234640 HomaTransport.cc:1684 in checkTimeouts WARNING[1]: aborting ECHO RPC to server 14:58:d0:58:bf:e3, sequence 307882: timeout
1487745459.945248920 HomaTransport.cc:1684 in checkTimeouts WARNING[1]: aborting ECHO RPC to server ec:b1:d7:85:6a:33, sequence 307975: timeout
1487745464.292167073 HomaTransport.cc:1684 in checkTimeouts WARNING[1]: aborting ECHO RPC to server 14:58:d0:58:8f:a3, sequence 330447: timeout
1487745470.363427733 HomaTransport.cc:1684 in checkTimeouts WARNING[1]: aborting ECHO RPC to server 14:58:d0:58:8f:a3, sequence 362794: timeout
1487745489.821414950 HomaTransport.cc:1722 in checkTimeouts WARNING[1]: client rpc starved of grant, sequence 465330, grantOffset 8820
1487745492.324137514 HomaTransport.cc:1684 in checkTimeouts WARNING[1]: aborting ECHO RPC to server ec:b1:d7:85:6a:33, sequence 478107: timeout
1487745497.763619948 HomaTransport.cc:1684 in checkTimeouts WARNING[1]: aborting ECHO RPC to server 14:58:d0:58:8f:a3, sequence 506574: timeout
1487745497.781624702 HomaTransport.cc:1684 in checkTimeouts WARNING[1]: aborting ECHO RPC to server ec:b1:d7:85:6a:33, sequence 506305: timeout
**** server4.ms0811.log:
1487745446.262040192 HomaTransport.cc:1779 in checkTimeouts WARNING[1]: server rpc starved of grant, sequence 237630, grantOffset 5954970
1487745448.681105302 HomaTransport.cc:1779 in checkTimeouts WARNING[1]: server rpc starved of grant, sequence 250232, grantOffset 4480560
1487745466.059479738 HomaTransport.cc:1779 in checkTimeouts WARNING[1]: server rpc starved of grant, sequence 342250, grantOffset 8820
1487745471.365033128 HomaTransport.cc:1779 in checkTimeouts WARNING[1]: server rpc starved of grant, sequence 369841, grantOffset 1533210
1487745475.652027180 HomaTransport.cc:1779 in checkTimeouts WARNING[1]: server rpc starved of grant, sequence 392759, grantOffset 8820
1487745486.223482762 HomaTransport.cc:1779 in checkTimeouts WARNING[1]: server rpc starved of grant, sequence 448332, grantOffset 6860490
**** client7.ms0830.log:
1487745449.611473935 HomaTransport.cc:1684 in checkTimeouts WARNING[1]: aborting ECHO RPC to server 14:58:d0:58:7f:93, sequence 253687: timeout
1487745468.641288700 HomaTransport.cc:1722 in checkTimeouts WARNING[1]: client rpc starved of grant, sequence 354163, grantOffset 2422560
1487745470.543510369 HomaTransport.cc:1722 in checkTimeouts WARNING[1]: client rpc starved of grant, sequence 364252, grantOffset 8820
1487745472.681845586 HomaTransport.cc:1684 in checkTimeouts WARNING[1]: aborting ECHO RPC to server ec:b1:d7:85:6a:93, sequence 374878: timeout
1487745472.813889391 HomaTransport.cc:1684 in checkTimeouts WARNING[1]: aborting ECHO RPC to server 14:58:d0:58:5f:d3, sequence 375591: timeout
**** client8.ms0831.log:
1487745406.964717665 HomaTransport.cc:1684 in checkTimeouts WARNING[1]: aborting ECHO RPC to server ec:b1:d7:85:6a:93, sequence 29721: timeout
1487745406.976721881 HomaTransport.cc:1684 in checkTimeouts WARNING[1]: aborting ECHO RPC to server 14:58:d0:58:6f:73, sequence 29848: timeout
1487745406.998729230 HomaTransport.cc:1684 in checkTimeouts WARNING[1]: aborting ECHO RPC to server 14:58:d0:58:bf:e3, sequence 29749: timeout
1487745407.024747928 HomaTransport.cc:1684 in checkTimeouts WARNING[1]: aborting ECHO RPC to server ec:b1:d7:85:6a:83, sequence 30050: timeout
1487745411.081603272 HomaTransport.cc:1684 in checkTimeouts WARNING[1]: aborting ECHO RPC to server 14:58:d0:58:7f:93, sequence 51329: timeout
1487745411.097608063 HomaTransport.cc:1684 in checkTimeouts WARNING[1]: aborting ECHO RPC to server ec:b1:d7:85:6a:33, sequence 51426: timeout
1487745411.177646247 HomaTransport.cc:1684 in checkTimeouts WARNING[1]: aborting ECHO RPC to server 14:58:d0:58:5f:f3, sequence 51749: timeout
1487745411.191649079 HomaTransport.cc:1684 in checkTimeouts WARNING[1]: aborting ECHO RPC to server 14:58:d0:58:6f:73, sequence 51913: timeout
1487745429.996333715 HomaTransport.cc:1684 in checkTimeouts WARNING[1]: aborting ECHO RPC to server ec:b1:d7:85:6a:93, sequence 150685: timeout
1487745441.302660006 HomaTransport.cc:1722 in checkTimeouts WARNING[1]: client rpc starved of grant, sequence 210740, grantOffset 723240
1487745445.291209777 HomaTransport.cc:1684 in checkTimeouts WARNING[1]: aborting ECHO RPC to server ec:b1:d7:85:6a:93, sequence 231020: timeout
1487745454.791301956 HomaTransport.cc:1722 in checkTimeouts WARNING[1]: client rpc starved of grant, sequence 281469, grantOffset 4509960
1487745461.348566090 HomaTransport.cc:1684 in checkTimeouts WARNING[1]: aborting ECHO RPC to server 14:58:d0:58:5f:03, sequence 315195: timeout
1487745461.386578939 HomaTransport.cc:1684 in checkTimeouts WARNING[1]: aborting ECHO RPC to server 14:58:d0:58:7f:83, sequence 315256: timeout
1487745462.773004820 HomaTransport.cc:1684 in checkTimeouts WARNING[1]: aborting ECHO RPC to server 14:58:d0:58:7f:83, sequence 322822: timeout
1487745474.359039468 HomaTransport.cc:1722 in checkTimeouts WARNING[1]: client rpc starved of grant, sequence 384206, grantOffset 8820
1487745478.581771734 HomaTransport.cc:1684 in checkTimeouts WARNING[1]: aborting ECHO RPC to server ec:b1:d7:85:6a:93, sequence 405772: timeout
1487745478.591773565 HomaTransport.cc:1684 in checkTimeouts WARNING[1]: aborting ECHO RPC to server 14:58:d0:58:bf:e3, sequence 405874: timeout
1487745478.599775502 HomaTransport.cc:1684 in checkTimeouts WARNING[1]: aborting ECHO RPC to server ec:b1:d7:85:7a:63, sequence 405955: timeout
1487745478.635792157 HomaTransport.cc:1684 in checkTimeouts WARNING[1]: aborting ECHO RPC to server 14:58:d0:58:4f:33, sequence 405815: timeout
1487745478.661804154 HomaTransport.cc:1684 in checkTimeouts WARNING[1]: aborting ECHO RPC to server 14:58:d0:58:6f:73, sequence 406325: timeout
1487745478.669806081 HomaTransport.cc:1684 in checkTimeouts WARNING[1]: aborting ECHO RPC to server 14:58:d0:58:9f:53, sequence 406282: timeout
1487745478.673805895 HomaTransport.cc:1684 in checkTimeouts WARNING[1]: aborting ECHO RPC to server 14:58:d0:58:5f:03, sequence 405742: timeout
1487745500.796032205 HomaTransport.cc:1722 in checkTimeouts WARNING[1]: client rpc starved of grant, sequence 523196, grantOffset 8820
**** server2.ms0807.log:
1487745413.816628807 HomaTransport.cc:1779 in checkTimeouts WARNING[1]: server rpc starved of grant, sequence 66671, grantOffset 470400
1487745413.880934129 HomaTransport.cc:1779 in checkTimeouts WARNING[1]: server rpc starved of grant, sequence 67014, grantOffset 8820
1487745440.860965541 HomaTransport.cc:1779 in checkTimeouts WARNING[1]: server rpc starved of grant, sequence 209107, grantOffset 8820
1487745462.044073745 HomaTransport.cc:1779 in checkTimeouts WARNING[1]: server rpc starved of grant, sequence 320155, grantOffset 1753710
1487745464.229129467 HomaTransport.cc:1779 in checkTimeouts WARNING[1]: server rpc starved of grant, sequence 331504, grantOffset 1549380
1487745472.614882621 HomaTransport.cc:1779 in checkTimeouts WARNING[1]: server rpc starved of grant, sequence 376234, grantOffset 2081520
**** client12.ms0835.log:
1487745403.842666927 HomaTransport.cc:1722 in checkTimeouts WARNING[1]: client rpc starved of grant, sequence 13562, grantOffset 499800
1487745405.697345716 HomaTransport.cc:1722 in checkTimeouts WARNING[1]: client rpc starved of grant, sequence 23004, grantOffset 5380200
1487745411.967165084 HomaTransport.cc:1722 in checkTimeouts WARNING[1]: client rpc starved of grant, sequence 56234, grantOffset 436590
1487745428.849192802 HomaTransport.cc:1684 in checkTimeouts WARNING[1]: aborting ECHO RPC to server 14:58:d0:58:9f:53, sequence 144520: timeout
1487745428.875205874 HomaTransport.cc:1722 in checkTimeouts WARNING[1]: client rpc starved of grant, sequence 144791, grantOffset 892290
1487745447.093676436 HomaTransport.cc:1684 in checkTimeouts WARNING[1]: aborting ECHO RPC to server 14:58:d0:58:5f:03, sequence 240264: timeout
1487745447.149694260 HomaTransport.cc:1684 in checkTimeouts WARNING[1]: aborting ECHO RPC to server 14:58:d0:58:8f:a3, sequence 240401: timeout
1487745447.213717630 HomaTransport.cc:1684 in checkTimeouts WARNING[1]: aborting ECHO RPC to server 14:58:d0:58:8f:a3, sequence 240695: timeout
1487745448.736191933 HomaTransport.cc:1722 in checkTimeouts WARNING[1]: client rpc starved of grant, sequence 249368, grantOffset 2254980
1487745454.924017743 HomaTransport.cc:1684 in checkTimeouts WARNING[1]: aborting ECHO RPC to server ec:b1:d7:85:6a:33, sequence 281164: timeout
1487745470.177961622 HomaTransport.cc:1684 in checkTimeouts WARNING[1]: aborting ECHO RPC to server 14:58:d0:58:5f:d3, sequence 361487: timeout
1487745471.892560666 HomaTransport.cc:1722 in checkTimeouts WARNING[1]: client rpc starved of grant, sequence 370588, grantOffset 1680210
1487745492.021885133 HomaTransport.cc:1722 in checkTimeouts WARNING[1]: client rpc starved of grant, sequence 476822, grantOffset 889350
1487745492.603988965 HomaTransport.cc:1684 in checkTimeouts WARNING[1]: aborting ECHO RPC to server 14:58:d0:58:5f:03, sequence 479269: timeout
**** client13.ms0836.log:
1487745408.365085900 HomaTransport.cc:1684 in checkTimeouts WARNING[1]: aborting ECHO RPC to server 14:58:d0:58:4f:33, sequence 36860: timeout
1487745421.277634353 HomaTransport.cc:1722 in checkTimeouts WARNING[1]: client rpc starved of grant, sequence 105059, grantOffset 2503410
1487745440.636419663 HomaTransport.cc:1684 in checkTimeouts WARNING[1]: aborting ECHO RPC to server ec:b1:d7:85:7a:63, sequence 206039: timeout
1487745453.150306373 HomaTransport.cc:1684 in checkTimeouts WARNING[1]: aborting ECHO RPC to server 14:58:d0:58:7f:83, sequence 271944: timeout
1487745453.234331785 HomaTransport.cc:1684 in checkTimeouts WARNING[1]: aborting ECHO RPC to server 14:58:d0:58:4f:33, sequence 272345: timeout
1487745463.096516502 HomaTransport.cc:1684 in checkTimeouts WARNING[1]: aborting ECHO RPC to server 14:58:d0:58:df:33, sequence 324197: timeout
1487745469.927581191 HomaTransport.cc:1684 in checkTimeouts WARNING[1]: aborting ECHO RPC to server ec:b1:d7:85:7a:63, sequence 360021: timeout
1487745470.469649912 HomaTransport.cc:1722 in checkTimeouts WARNING[1]: client rpc starved of grant, sequence 362910, grantOffset 5187630
1487745477.090895364 HomaTransport.cc:1722 in checkTimeouts WARNING[1]: client rpc starved of grant, sequence 397890, grantOffset 8820
1487745485.174284281 HomaTransport.cc:1722 in checkTimeouts WARNING[1]: client rpc starved of grant, sequence 440711, grantOffset 180810
1487745500.501037408 HomaTransport.cc:1722 in checkTimeouts WARNING[1]: client rpc starved of grant, sequence 521035, grantOffset 3042900
**** server16.ms0823.log:
1487745415.999268427 HomaTransport.cc:1779 in checkTimeouts WARNING[1]: server rpc starved of grant, sequence 77880, grantOffset 8820
1487745467.679606522 HomaTransport.cc:1779 in checkTimeouts WARNING[1]: server rpc starved of grant, sequence 348383, grantOffset 8820
1487745483.414894444 HomaTransport.cc:1779 in checkTimeouts WARNING[1]: server rpc starved of grant, sequence 430903, grantOffset 441000
**** client5.ms0828.log:
1487745405.227236238 HomaTransport.cc:1684 in checkTimeouts WARNING[1]: aborting ECHO RPC to server 14:58:d0:58:5f:d3, sequence 20851: timeout
1487745441.663474543 HomaTransport.cc:1684 in checkTimeouts WARNING[1]: aborting ECHO RPC to server 14:58:d0:58:4f:33, sequence 211898: timeout
1487745454.410857442 HomaTransport.cc:1684 in checkTimeouts WARNING[1]: aborting ECHO RPC to server 14:58:d0:58:df:33, sequence 279016: timeout
1487745459.998015264 HomaTransport.cc:1722 in checkTimeouts WARNING[1]: client rpc starved of grant, sequence 308833, grantOffset 22050
1487745476.191880120 HomaTransport.cc:1722 in checkTimeouts WARNING[1]: client rpc starved of grant, sequence 393894, grantOffset 420420
1487745478.020519260 HomaTransport.cc:1684 in checkTimeouts WARNING[1]: aborting ECHO RPC to server 14:58:d0:58:5f:d3, sequence 403073: timeout
1487745478.030522876 HomaTransport.cc:1684 in checkTimeouts WARNING[1]: aborting ECHO RPC to server 14:58:d0:58:6f:73, sequence 403157: timeout
1487745478.064535473 HomaTransport.cc:1684 in checkTimeouts WARNING[1]: aborting ECHO RPC to server 14:58:d0:58:5f:f3, sequence 403380: timeout
1487745482.677481470 HomaTransport.cc:1684 in checkTimeouts WARNING[1]: aborting ECHO RPC to server 14:58:d0:58:9f:53, sequence 427455: timeout
**** client6.ms0829.log:
1487745403.397690649 HomaTransport.cc:1722 in checkTimeouts WARNING[1]: client rpc starved of grant, sequence 11637, grantOffset 909930
1487745410.907569263 HomaTransport.cc:1722 in checkTimeouts WARNING[1]: client rpc starved of grant, sequence 50962, grantOffset 1118670
1487745420.618267701 HomaTransport.cc:1684 in checkTimeouts WARNING[1]: aborting ECHO RPC to server 14:58:d0:58:5f:d3, sequence 101561: timeout
1487745446.615519933 HomaTransport.cc:1722 in checkTimeouts WARNING[1]: client rpc starved of grant, sequence 238130, grantOffset 1912470
1487745462.455138085 HomaTransport.cc:1684 in checkTimeouts WARNING[1]: aborting ECHO RPC to server 14:58:d0:58:9f:53, sequence 321194: timeout
1487745468.909152995 HomaTransport.cc:1684 in checkTimeouts WARNING[1]: aborting ECHO RPC to server ec:b1:d7:85:6a:33, sequence 355223: timeout
1487745476.597000512 HomaTransport.cc:1684 in checkTimeouts WARNING[1]: aborting ECHO RPC to server 14:58:d0:58:5f:03, sequence 395226: timeout
1487745477.913511288 HomaTransport.cc:1684 in checkTimeouts WARNING[1]: aborting ECHO RPC to server 14:58:d0:58:bf:e3, sequence 402499: timeout
1487745483.230612296 HomaTransport.cc:1722 in checkTimeouts WARNING[1]: client rpc starved of grant, sequence 430927, grantOffset 2915010
1487745486.601473598 HomaTransport.cc:1684 in checkTimeouts WARNING[1]: aborting ECHO RPC to server 14:58:d0:58:df:33, sequence 448161: timeout
1487745492.366654261 HomaTransport.cc:1722 in checkTimeouts WARNING[1]: client rpc starved of grant, sequence 478832, grantOffset 8820
**** server6.ms0813.log:
1487745450.528779739 HomaTransport.cc:1779 in checkTimeouts WARNING[1]: server rpc starved of grant, sequence 259421, grantOffset 2488710
1487745479.897323934 HomaTransport.cc:1779 in checkTimeouts WARNING[1]: server rpc starved of grant, sequence 413830, grantOffset 862890
**** server13.ms0820.log:
1487745422.319701443 HomaTransport.cc:1779 in checkTimeouts WARNING[1]: server rpc starved of grant, sequence 111068, grantOffset 8820
1487745441.192166537 HomaTransport.cc:1779 in checkTimeouts WARNING[1]: server rpc starved of grant, sequence 209702, grantOffset 8820
**** client16.ms0839.log:
1487745403.684428909 HomaTransport.cc:1722 in checkTimeouts WARNING[1]: client rpc starved of grant, sequence 12553, grantOffset 1142190
1487745410.094220201 HomaTransport.cc:1684 in checkTimeouts WARNING[1]: aborting ECHO RPC to server 14:58:d0:58:bf:e3, sequence 45619: timeout
1487745414.887392377 HomaTransport.cc:1684 in checkTimeouts WARNING[1]: aborting ECHO RPC to server ec:b1:d7:85:6a:33, sequence 70965: timeout
1487745425.774550891 HomaTransport.cc:1722 in checkTimeouts WARNING[1]: client rpc starved of grant, sequence 128651, grantOffset 1960980
1487745425.776550571 HomaTransport.cc:1722 in checkTimeouts WARNING[1]: client rpc starved of grant, sequence 128576, grantOffset 2875320
1487745436.168241092 HomaTransport.cc:1684 in checkTimeouts WARNING[1]: aborting ECHO RPC to server ec:b1:d7:85:6a:83, sequence 182638: timeout
1487745464.493061421 HomaTransport.cc:1722 in checkTimeouts WARNING[1]: client rpc starved of grant, sequence 331911, grantOffset 1655220
1487745466.519670656 HomaTransport.cc:1684 in checkTimeouts WARNING[1]: aborting ECHO RPC to server ec:b1:d7:85:7a:63, sequence 342089: timeout
1487745472.825372517 HomaTransport.cc:1722 in checkTimeouts WARNING[1]: client rpc starved of grant, sequence 375630, grantOffset 8820
1487745494.508201156 HomaTransport.cc:1722 in checkTimeouts WARNING[1]: client rpc starved of grant, sequence 489291, grantOffset 4861290
1487745496.260800165 HomaTransport.cc:1722 in checkTimeouts WARNING[1]: client rpc starved of grant, sequence 498836, grantOffset 213150
1487745497.589071955 HomaTransport.cc:1722 in checkTimeouts WARNING[1]: client rpc starved of grant, sequence 505669, grantOffset 3482430
**** client11.ms0834.log:
1487745431.196513084 HomaTransport.cc:1684 in checkTimeouts WARNING[1]: aborting ECHO RPC to server 14:58:d0:58:7f:83, sequence 156736: timeout
1487745437.806158492 HomaTransport.cc:1684 in checkTimeouts WARNING[1]: aborting ECHO RPC to server ec:b1:d7:85:6a:83, sequence 191244: timeout
1487745438.865270124 HomaTransport.cc:1722 in checkTimeouts WARNING[1]: client rpc starved of grant, sequence 197441, grantOffset 405720
1487745454.157309611 HomaTransport.cc:1684 in checkTimeouts WARNING[1]: aborting ECHO RPC to server 14:58:d0:58:6f:73, sequence 277358: timeout
1487745454.169315448 HomaTransport.cc:1684 in checkTimeouts WARNING[1]: aborting ECHO RPC to server 14:58:d0:58:5f:03, sequence 277376: timeout
1487745454.233341853 HomaTransport.cc:1684 in checkTimeouts WARNING[1]: aborting ECHO RPC to server 14:58:d0:58:df:63, sequence 277492: timeout
1487745454.235342135 HomaTransport.cc:1684 in checkTimeouts WARNING[1]: aborting ECHO RPC to server 14:58:d0:58:5f:03, sequence 277579: timeout
1487745454.267359747 HomaTransport.cc:1684 in checkTimeouts WARNING[1]: aborting ECHO RPC to server ec:b1:d7:85:6a:83, sequence 277799: timeout
1487745454.409418849 HomaTransport.cc:1684 in checkTimeouts WARNING[1]: aborting ECHO RPC to server ec:b1:d7:85:7a:63, sequence 278328: timeout
1487745456.468040486 HomaTransport.cc:1722 in checkTimeouts WARNING[1]: client rpc starved of grant, sequence 289968, grantOffset 8820
1487745478.329542170 HomaTransport.cc:1684 in checkTimeouts WARNING[1]: aborting ECHO RPC to server ec:b1:d7:85:7a:63, sequence 404189: timeout
1487745479.075655631 HomaTransport.cc:1722 in checkTimeouts WARNING[1]: client rpc starved of grant, sequence 408676, grantOffset 94080
**** server1.ms0806.log:
1487745425.824889236 HomaTransport.cc:1779 in checkTimeouts WARNING[1]: server rpc starved of grant, sequence 129395, grantOffset 8820
1487745438.259427687 HomaTransport.cc:1779 in checkTimeouts WARNING[1]: server rpc starved of grant, sequence 194824, grantOffset 8820
1487745440.065899672 HomaTransport.cc:1779 in checkTimeouts WARNING[1]: server rpc starved of grant, sequence 204466, grantOffset 8820
**** server8.ms0815.log:
1487745406.192015450 HomaTransport.cc:1779 in checkTimeouts WARNING[1]: server rpc starved of grant, sequence 26372, grantOffset 8820
1487745408.666973078 HomaTransport.cc:1779 in checkTimeouts WARNING[1]: server rpc starved of grant, sequence 38992, grantOffset 3159030
1487745409.857702147 HomaTransport.cc:1779 in checkTimeouts WARNING[1]: server rpc starved of grant, sequence 45270, grantOffset 8820
1487745417.350461173 HomaTransport.cc:1779 in checkTimeouts WARNING[1]: server rpc starved of grant, sequence 84798, grantOffset 138180
1487745420.523835795 HomaTransport.cc:1779 in checkTimeouts WARNING[1]: server rpc starved of grant, sequence 101411, grantOffset 1183350
1487745427.517401995 HomaTransport.cc:1779 in checkTimeouts WARNING[1]: server rpc starved of grant, sequence 138411, grantOffset 8820
1487745435.580828432 HomaTransport.cc:1779 in checkTimeouts WARNING[1]: server rpc starved of grant, sequence 180782, grantOffset 2778300
1487745471.764027636 HomaTransport.cc:1779 in checkTimeouts WARNING[1]: server rpc starved of grant, sequence 371495, grantOffset 998130
1487745484.615585295 HomaTransport.cc:1779 in checkTimeouts WARNING[1]: server rpc starved of grant, sequence 439281, grantOffset 8820
1487745493.028493874 HomaTransport.cc:1779 in checkTimeouts WARNING[1]: server rpc starved of grant, sequence 483545, grantOffset 1896300
1487745501.176133027 HomaTransport.cc:1779 in checkTimeouts WARNING[1]: server rpc starved of grant, sequence 526762, grantOffset 8820
**** server11.ms0818.log:
1487745475.129454994 HomaTransport.cc:1779 in checkTimeouts WARNING[1]: server rpc starved of grant, sequence 388480, grantOffset 8820
1487745494.690287321 HomaTransport.cc:1779 in checkTimeouts WARNING[1]: server rpc starved of grant, sequence 491697, grantOffset 4848060
**** client2.ms0825.log:
1487745405.030648338 HomaTransport.cc:1722 in checkTimeouts WARNING[1]: client rpc starved of grant, sequence 20426, grantOffset 1434720
1487745410.487616678 HomaTransport.cc:1722 in checkTimeouts WARNING[1]: client rpc starved of grant, sequence 48847, grantOffset 8820
1487745431.221652729 HomaTransport.cc:1684 in checkTimeouts WARNING[1]: aborting ECHO RPC to server 14:58:d0:58:9f:53, sequence 157038: timeout
1487745431.239658773 HomaTransport.cc:1684 in checkTimeouts WARNING[1]: aborting ECHO RPC to server 14:58:d0:58:5f:d3, sequence 157590: timeout
1487745431.267674844 HomaTransport.cc:1684 in checkTimeouts WARNING[1]: aborting ECHO RPC to server ec:b1:d7:85:7a:63, sequence 157599: timeout
1487745431.299685398 HomaTransport.cc:1684 in checkTimeouts WARNING[1]: aborting ECHO RPC to server 14:58:d0:58:8f:a3, sequence 157755: timeout
1487745431.331692206 HomaTransport.cc:1684 in checkTimeouts WARNING[1]: aborting ECHO RPC to server 14:58:d0:58:7f:83, sequence 157618: timeout
1487745431.417748416 HomaTransport.cc:1684 in checkTimeouts WARNING[1]: aborting ECHO RPC to server 14:58:d0:58:7f:93, sequence 158632: timeout
1487745440.923423803 HomaTransport.cc:1684 in checkTimeouts WARNING[1]: aborting ECHO RPC to server 14:58:d0:58:7f:93, sequence 208282: timeout
1487745440.937424148 HomaTransport.cc:1684 in checkTimeouts WARNING[1]: aborting ECHO RPC to server 14:58:d0:58:df:63, sequence 208430: timeout
1487745453.433541385 HomaTransport.cc:1684 in checkTimeouts WARNING[1]: aborting ECHO RPC to server 14:58:d0:58:5f:d3, sequence 274100: timeout
1487745458.994641675 HomaTransport.cc:1722 in checkTimeouts WARNING[1]: client rpc starved of grant, sequence 303943, grantOffset 8820
1487745476.569518378 HomaTransport.cc:1722 in checkTimeouts WARNING[1]: client rpc starved of grant, sequence 396228, grantOffset 1858080
1487745485.583143779 HomaTransport.cc:1722 in checkTimeouts WARNING[1]: client rpc starved of grant, sequence 443471, grantOffset 8820
1487745491.129990353 HomaTransport.cc:1722 in checkTimeouts WARNING[1]: client rpc starved of grant, sequence 472656, grantOffset 8820
1487745495.802797489 HomaTransport.cc:1684 in checkTimeouts WARNING[1]: aborting ECHO RPC to server 14:58:d0:58:6f:73, sequence 496599: timeout
**** client9.ms0832.log:
1487745402.219008105 HomaTransport.cc:1722 in checkTimeouts WARNING[1]: client rpc starved of grant, sequence 5421, grantOffset 1661100
1487745435.677690942 HomaTransport.cc:1684 in checkTimeouts WARNING[1]: aborting ECHO RPC to server 14:58:d0:58:5f:f3, sequence 180576: timeout
**** client1.ms0824.log:
1487745402.783233335 HomaTransport.cc:1684 in checkTimeouts WARNING[1]: aborting ECHO RPC to server ec:b1:d7:85:6a:83, sequence 7918: timeout
1487745435.075449537 HomaTransport.cc:1722 in checkTimeouts WARNING[1]: client rpc starved of grant, sequence 178179, grantOffset 8820
1487745464.565781378 HomaTransport.cc:1684 in checkTimeouts WARNING[1]: aborting ECHO RPC to server 14:58:d0:58:8f:a3, sequence 332336: timeout
1487745475.675552101 HomaTransport.cc:1684 in checkTimeouts WARNING[1]: aborting ECHO RPC to server 14:58:d0:58:5f:03, sequence 390758: timeout
1487745494.566641706 HomaTransport.cc:1684 in checkTimeouts WARNING[1]: aborting ECHO RPC to server ec:b1:d7:85:6a:33, sequence 489866: timeout
1487745495.414704994 HomaTransport.cc:1722 in checkTimeouts WARNING[1]: client rpc starved of grant, sequence 495074, grantOffset 8820
**** server14.ms0821.log:
1487745431.000840531 HomaTransport.cc:1779 in checkTimeouts WARNING[1]: server rpc starved of grant, sequence 155493, grantOffset 2684220
1487745453.235435252 HomaTransport.cc:1138 in handlePacket WARNING[1]: unexpected GRANT from client ec:b1:d7:85:4a:73, id (1354822804816508582,272345), grantOffset 10290
1487745453.235447358 HomaTransport.cc:1138 in handlePacket WARNING[1]: unexpected GRANT from client ec:b1:d7:85:4a:73, id (1354822804816508582,272345), grantOffset 11760
1487745453.235454174 HomaTransport.cc:1138 in handlePacket WARNING[1]: unexpected GRANT from client ec:b1:d7:85:4a:73, id (1354822804816508582,272345), grantOffset 13230
1487745453.235459133 HomaTransport.cc:1138 in handlePacket WARNING[1]: unexpected GRANT from client ec:b1:d7:85:4a:73, id (1354822804816508582,272345), grantOffset 14700
1487745453.235460727 HomaTransport.cc:1138 in handlePacket WARNING[1]: unexpected GRANT from client ec:b1:d7:85:4a:73, id (1354822804816508582,272345), grantOffset 16170
1487745453.235463907 HomaTransport.cc:1138 in handlePacket WARNING[1]: unexpected GRANT from client ec:b1:d7:85:4a:73, id (1354822804816508582,272345), grantOffset 17640
1487745483.642851801 HomaTransport.cc:1779 in checkTimeouts WARNING[1]: server rpc starved of grant, sequence 433443, grantOffset 8820
**** server9.ms0816.log:
1487745404.883597194 HomaTransport.cc:1779 in checkTimeouts WARNING[1]: server rpc starved of grant, sequence 19474, grantOffset 657090
1487745415.260890279 HomaTransport.cc:1779 in checkTimeouts WARNING[1]: server rpc starved of grant, sequence 73926, grantOffset 8820
1487745434.374858184 HomaTransport.cc:1779 in checkTimeouts WARNING[1]: server rpc starved of grant, sequence 174824, grantOffset 486570
1487745439.050520409 HomaTransport.cc:1779 in checkTimeouts WARNING[1]: server rpc starved of grant, sequence 199416, grantOffset 424830
**** client10.ms0833.log:
1487745427.584095924 HomaTransport.cc:1722 in checkTimeouts WARNING[1]: client rpc starved of grant, sequence 138336, grantOffset 16170
1487745427.630109145 HomaTransport.cc:1684 in checkTimeouts WARNING[1]: aborting ECHO RPC to server ec:b1:d7:85:6a:93, sequence 138053: timeout
1487745437.203714453 HomaTransport.cc:1684 in checkTimeouts WARNING[1]: aborting ECHO RPC to server 14:58:d0:58:7f:83, sequence 188232: timeout
1487745437.219719248 HomaTransport.cc:1684 in checkTimeouts WARNING[1]: aborting ECHO RPC to server ec:b1:d7:85:6a:93, sequence 188182: timeout
1487745437.223720566 HomaTransport.cc:1684 in checkTimeouts WARNING[1]: aborting ECHO RPC to server ec:b1:d7:85:6a:93, sequence 188353: timeout
1487745437.867916702 HomaTransport.cc:1684 in checkTimeouts WARNING[1]: aborting ECHO RPC to server ec:b1:d7:85:7a:63, sequence 191896: timeout
1487745456.180331203 HomaTransport.cc:1722 in checkTimeouts WARNING[1]: client rpc starved of grant, sequence 288531, grantOffset 1378860
1487745459.227128193 HomaTransport.cc:1722 in checkTimeouts WARNING[1]: client rpc starved of grant, sequence 304406, grantOffset 452760
1487745464.350160833 HomaTransport.cc:1722 in checkTimeouts WARNING[1]: client rpc starved of grant, sequence 331259, grantOffset 1136310
1487745464.406176103 HomaTransport.cc:1684 in checkTimeouts WARNING[1]: aborting ECHO RPC to server 14:58:d0:58:5f:f3, sequence 331187: timeout
**** client15.ms0838.log:
1487745417.040456325 HomaTransport.cc:1684 in checkTimeouts WARNING[1]: aborting ECHO RPC to server 14:58:d0:58:7f:83, sequence 82093: timeout
1487745428.207520112 HomaTransport.cc:1684 in checkTimeouts WARNING[1]: aborting ECHO RPC to server 14:58:d0:58:df:33, sequence 140632: timeout
1487745429.231949719 HomaTransport.cc:1684 in checkTimeouts WARNING[1]: aborting ECHO RPC to server 14:58:d0:58:9f:53, sequence 146265: timeout
1487745450.850526149 HomaTransport.cc:1722 in checkTimeouts WARNING[1]: client rpc starved of grant, sequence 260085, grantOffset 8820
1487745482.347380008 HomaTransport.cc:1722 in checkTimeouts WARNING[1]: client rpc starved of grant, sequence 425632, grantOffset 97020

