# Generated by 'clusterperf.py echoWorkload'
#
#   Size   Samples       Min    Median       90%       99%     99.9%       Max
#-----------------------------------------------------------------------------
      53      2518       4.8       6.2       9.2      20.5     174.7     234.1
      56      2502       4.8       6.3       9.1      20.3     207.2     973.1
      60      2509       4.9       6.2       9.2      18.8     133.6     166.2
      64      2563       4.9       6.3       9.3      20.7     203.4    3976.3
      68      2475       4.9       6.3       9.4      20.7     208.3     244.8
      72      2525       4.9       6.4       9.6      20.4     185.2     198.9
      77      2493       4.9       6.4       9.6      21.1     238.2     298.2
      81      2524       5.0       6.3       9.4      20.3      54.3     106.2
      87      2490       5.0       6.4       9.5      18.6     169.4     186.2
      92      2529       5.1       6.5       9.6      21.1     215.3     244.6
     100      2477       5.2       6.7       9.6      22.6     132.1     262.5
     109      2486       5.2       6.6       9.5      20.5     156.7     214.9
     119      2513       5.2       6.7       9.6      22.2     166.4     217.9
     130      2587       5.4       6.8       9.6      19.2     103.0     219.1
     141      2565       5.4       6.7       9.6      21.9     204.9     248.6
     154      2544       5.5       6.8       9.9      19.5     223.2     248.8
     168      2517       5.5       6.8       9.5      21.3     178.3     302.7
     183      2561       5.6       7.0       9.9      21.7     194.5     216.5
     199      2475       5.7       7.0      10.1      20.0     168.5     181.7
     217      2508       5.7       7.0      10.0      21.8     171.6     211.5
     222      8682       5.7       7.0       9.9      22.2     191.3    2091.3
     227      8842       5.8       7.0       9.9      20.2     168.3     264.6
     232      8803       5.8       7.1       9.9      20.4     129.4     249.4
     237      8890       5.7       7.1       9.9      22.0     171.3     248.5
     243      8630       5.8       7.1       9.9      19.4     184.4    1498.0
     248      8790       5.8       7.1       9.9      20.9     202.8     302.6
     254      8599       5.8       7.1       9.8      20.7     196.7     250.2
     259      8615       5.9       7.2       9.9      19.5     169.9     241.9
     265      8647       5.8       7.2      10.0      21.0     169.6     245.7
     271      8801       5.9       7.2       9.9      20.4     192.7    2690.9
     274      3783       5.9       7.2       9.9      20.1     200.4     248.2
     277      3767       6.0       7.3      10.1      23.0     194.2     226.9
     279      3701       6.0       7.2       9.9      21.8     195.6     222.8
     282      3778       6.0       7.2       9.9      21.8     186.4     210.9
     285      3665       6.0       7.3      10.0      20.8     186.2     275.0
     288      3821       6.0       7.3       9.9      20.9     157.4     223.0
     291      3676       6.0       7.3      10.2      21.9     177.5     247.6
     294      3896       6.0       7.3      10.2      21.8     198.4     246.4
     297      3802       6.0       7.2      10.0      19.5     182.7     199.4
     300      3680       6.0       7.2      10.1      20.9     143.4     247.1
     303     28790       6.0       7.3      10.1      20.8     180.6    3151.0
     305     28921       6.0       7.3      10.1      20.5     187.4    1585.7
     308     28718       6.0       7.3      10.1      21.3     179.0     252.9
     310     28670       6.1       7.3      10.0      21.1     193.0    3191.5
     313     28776       6.0       7.3      10.2      21.6     197.7    2751.8
     315     28919       6.0       7.3      10.1      21.1     196.4    3126.9
     318     28656       6.0       7.3      10.2      21.4     196.4     251.8
     321     28824       6.1       7.3      10.2      21.3     186.7    3067.0
     323     28818       6.0       7.4      10.2      22.0     204.1    4626.4
     326     28571       6.1       7.4      10.2      20.9     195.3     508.9
     331     21912       6.1       7.4      10.2      21.5     181.9    1178.8
     335     21894       6.2       7.4      10.2      21.4     184.8     246.8
     340     21967       6.1       7.4      10.3      21.6     177.8    1575.2
     345     21778       6.2       7.4      10.2      21.4     159.6    1572.4
     350     21742       6.2       7.5      10.3      21.3     192.9     251.8
     355     21938       6.3       7.5      10.2      21.4     182.8    2787.0
     360     21979       6.3       7.5      10.3      21.4     175.4     823.2
     365     22238       6.3       7.5      10.2      21.8     188.9    4419.9
     371     21791       6.3       7.5      10.4      21.3     177.4     246.1
     376     21982       6.3       7.5      10.4      21.6     183.7    1630.0
     381      6870       6.3       7.6      10.6      21.6     183.7     244.1
     385      6920       6.4       7.6      10.6      22.0     202.2    1378.6
     390      6965       6.4       7.6      10.3      21.4     166.8     241.7
     395      6890       6.4       7.6      10.6      21.0     154.0     254.1
     400      6780       6.4       7.7      10.5      22.1     165.6     225.9
     405      6889       6.5       7.6      10.5      21.3      92.0    2835.7
     410      6820       6.5       7.7      10.4      21.4     215.0     310.3
     415      6865       6.5       7.7      10.6      22.1     187.0    1566.2
     420      7058       6.6       7.7      10.7      21.8     184.6    2994.6
     425      6793       6.5       7.7      10.6      21.6     216.7     592.1
     430     13807       6.5       7.7      10.7      21.9     180.5     674.2
     435     13715       6.6       7.8      10.6      21.7     205.0    1452.4
     441     13771       6.5       7.7      10.6      21.4     184.6     971.6
     446     13860       6.6       7.8      10.6      21.9     192.5    1046.7
     452     13775       6.7       7.8      10.7      21.5     175.5     920.5
     457     13756       6.7       7.8      10.7      22.7     188.8     245.6
     463     13606       6.7       7.8      10.7      21.8     178.1     247.0
     468     13522       6.7       7.8      10.7      21.4     180.3     244.3
     474     13795       6.7       7.9      10.7      22.4     163.7    2459.1
     480     13664       6.8       7.9      10.9      21.9     161.0     598.2
     491     65270       6.8       7.9      10.8      21.9     176.6    3636.8
     502     65481       6.8       8.0      10.9      22.2     181.4    4901.2
     513     65195       6.9       8.1      10.9      21.9     181.5    1572.8
     525     65461       7.0       8.1      11.0      22.5     186.4    1646.2
     537     65616       7.0       8.1      11.0      22.4     181.3    4301.5
     549     65815       7.0       8.2      11.1      22.1     191.5    1610.1
     561     65319       7.1       8.2      11.0      22.2     181.1    5067.3
     574     65553       7.1       8.2      11.1      21.7     178.6    1557.0
     587     65545       7.2       8.3      11.1      22.2     180.2    4168.6
     600     65332       7.3       8.3      11.1      22.2     181.1    1167.0
     607     19258       7.3       8.4      11.1      22.0     163.0     882.4
     615     19181       7.4       8.4      11.2      23.1     190.6     252.2
     623     19476       7.4       8.5      11.2      22.1     176.0     252.4
     630     18965       7.4       8.5      11.3      22.6     190.5    2474.8
     638     19159       7.5       8.5      11.3      22.2     194.3    1511.6
     646     19452       7.5       8.6      11.3      22.9     182.9    1459.5
     654     19267       7.5       8.6      11.2      23.0     179.3     235.5
     662     19310       7.5       8.6      11.2      22.4     165.8     389.9
     671     19353       7.7       8.7      11.3      22.4     173.5    3191.1
     679     19172       7.7       8.7      11.4      22.9     165.6     255.1
     685     11857       7.6       8.7      11.4      22.8     189.5    3249.5
     690     11790       7.7       8.8      11.4      22.7     180.5     253.3
     696     11843       7.7       8.7      11.3      22.8     187.6     255.4
     702     11767       7.7       8.8      11.5      22.4     148.2     229.7
     707     11904       7.8       8.8      11.4      22.1     151.7     228.1
     713     11943       7.8       8.8      11.7      23.4     202.7    3391.6
     719     11984       7.8       8.8      11.6      23.1     213.1    1632.8
     725     11829       7.8       8.9      11.4      22.7     204.9     241.7
     731     11828       7.9       8.9      11.5      23.4     173.6    1615.5
     737     11961       7.9       8.9      11.5      22.8     172.4     241.9
     743      8063       8.0       9.0      11.6      22.5     153.7    1249.2
     749      8159       8.0       9.0      11.6      22.6     206.3    4682.0
     755      8214       8.0       9.0      11.7      22.8     168.5    3396.6
     762      8067       8.0       9.0      11.5      22.4     182.8    4635.0
     768      8216       8.1       9.1      11.7      23.8     200.4    1496.4
     774      8100       8.1       9.1      11.8      23.5     202.4     247.5
     781      7918       8.1       9.1      11.7      24.1     205.7    3210.4
     787      8084       8.1       9.2      11.6      23.2     173.5     233.9
     793      8162       8.1       9.2      11.8      23.3     168.5     250.7
     800      8099       8.2       9.2      11.8      24.1     180.7     313.5
     808      5093       8.2       9.2      11.7      22.9     146.6     193.0
     816      5183       8.2       9.3      11.8      23.4     169.5     384.3
     825      4996       8.3       9.3      11.8      24.2     223.7     251.3
     833      5142       8.3       9.4      12.0      22.7     166.5    1866.1
     841      5026       8.3       9.4      11.9      22.6     166.2    2972.8
     850      4987       8.3       9.4      11.9      22.5     170.6     215.7
     859      4990       8.5       9.5      12.2      24.0     179.7     243.5
     867      5116       8.5       9.5      11.9      22.1     141.5    1651.8
     876      5029       8.5       9.6      12.0      23.0     167.5     253.4
     885      5071       8.5       9.6      12.2      22.6     152.7     213.8
     900      6140       8.7       9.7      12.3      23.3     201.8     247.9
     914      6113       8.7       9.7      12.3      23.8     203.0    1363.0
     929      6041       8.7       9.8      12.3      24.2     142.5     557.3
     945      6302       8.8       9.8      12.2      23.1     186.1     249.8
     960      6409       8.9       9.9      12.4      23.6     208.6     238.6
     976      6215       8.9       9.9      12.4      23.5     198.6    3192.2
     992      6179       9.0      10.0      12.3      23.4     116.4     252.2
    1009      6185       9.0      10.0      12.4      23.9     177.2    4933.0
    1025      6248       9.2      10.1      12.5      23.5     153.8    1573.9
    1042      6290       9.2      10.2      12.6      23.9     178.7     251.7
    1063      6216       9.3      10.3      12.9      24.2     105.0    1754.0
    1085      6247       9.3      10.3      12.8      23.6     173.2     248.9
    1108      6246       9.4      10.5      13.0      22.0     114.5     219.0
    1130      6186       9.6      10.6      12.8      24.2     192.0     269.6
    1154      6231       9.7      10.7      12.9      24.6     206.6    4161.9
    1177      6300       9.7      10.8      13.1      25.1     217.3     297.2
    1201      6189       9.8      10.8      13.2      24.4     164.9    3154.0
    1226      6324       9.9      11.0      13.4      24.9     157.6     200.4
    1251      6108      10.1      11.1      13.7      24.6     180.0     226.2
    1277      6192      10.1      11.2      13.5      24.8     151.0     244.1
    1290      3805      10.2      11.3      13.6      24.3     142.8     219.2
    1303      3673      10.3      11.3      13.6      22.6     146.4     256.6
    1316      3810      10.3      11.4      13.8      25.9     125.7     170.8
    1330      3763      10.4      11.4      13.6      26.0     213.6    3142.9
    1343      3810      10.4      11.5      13.8      24.2     205.9     250.5
    1357      3687      10.5      11.5      14.0      24.9     204.8    2048.2
    1371      3697      10.6      11.6      13.8      25.8     187.3    1644.4
    1385      3730      10.7      11.7      13.9      24.7     183.9     252.5
    1399      3694      10.7      11.7      14.0      25.9     227.3     287.1
    1413      3815      10.8      11.8      14.1      25.1     214.2     252.7
    1425      2487      10.8      11.8      14.1      24.3     102.9     253.0
    1436      2525      10.9      11.8      14.1      24.9     195.4     220.2
    1448      2434      10.9      11.9      14.1      23.1     164.2     223.9
    1460      2474      11.5      12.9      14.9      26.6     133.9     239.5
    1472      2423      11.8      13.5      15.9      26.7     155.5     245.7
    1484      2586      11.8      13.2      15.4      25.8     211.0     246.9
    1497      2539      11.8      13.1      15.5      24.9     207.8    1604.0
    1509      2503      11.7      13.1      15.5      25.9     149.5     163.6
    1521      2460      11.7      13.1      15.4      27.1     137.9    1371.0
    1534      2554      11.8      13.2      15.6      26.3     117.8     253.7
    1547      7065      11.6      13.2      15.7      26.8     208.6     262.6
    1559      6880      11.6      13.2      15.9      28.4     219.7     247.2
    1572      6769      11.6      13.2      15.6      25.8     189.1     255.1
    1585      6882      11.6      13.2      15.6      25.5     176.3     709.9
    1598      6904      11.7      13.2      15.6      25.9     166.3     235.5
    1611      6876      11.6      13.2      15.7      26.2     195.4     254.5
    1624      6833      11.7      13.2      15.5      26.9     179.3     225.2
    1637      6737      11.7      13.2      15.6      25.5     144.8     406.6
    1651      7005      11.7      13.2      15.6      27.3     222.6    2014.7
    1664      6846      11.7      13.2      15.7      25.8     206.0     245.5
    1712      2578      11.8      13.2      15.6      26.3     169.2     201.8
    1762      2479      11.9      13.3      15.8      23.6     174.1     241.9
    1813      2510      11.8      13.2      15.7      27.7     213.0     365.7
    1865      2509      11.9      13.5      16.2      29.0     218.8     257.1
    1919      2502      12.1      13.7      16.5      29.2     205.6     256.0
    1975      2510      12.2      13.6      16.4      32.5     211.7     232.1
    2032      2387      12.2      13.7      16.2      25.6     133.3     194.2
    2091      2541      12.2      13.7      16.3      28.6     210.7     225.5
    2152      2471      12.1      13.9      16.7      26.4     199.1     268.8
    2214      2431      12.2      13.9      16.9      28.9     218.7     242.6
    2311      3098      12.2      13.9      16.9      27.6     181.9     239.4
    2412      3062      12.4      14.0      16.5      23.6     115.0     156.4
    2517      3100      12.6      14.2      16.7      27.5     117.0     195.5
    2627      3100      12.8      14.4      16.9      30.8     180.7     245.5
    2742      3133      13.0      14.6      17.4      28.2     163.5     231.1
    2862      3184      13.3      14.8      17.5      28.6     197.0     237.4
    2987      3117      14.0      15.5      18.4      30.6     218.3     250.5
    3118      3062      14.0      15.6      18.2      28.5     179.6     206.9
    3254      3086      14.0      15.5      18.1      29.2     222.2     252.4
    3396      3145      14.2      15.9      18.8      28.8     190.2     394.2
    3544      3182      14.3      16.1      18.9      28.2     231.4     259.6
    3699      3114      14.5      16.2      19.1      31.7     200.7     225.8
    3861      3186      14.9      16.5      19.1      30.6     140.7     248.8
    4030      3033      15.2      16.8      19.6      30.6     186.6     229.0
    4206      3223      15.6      17.2      19.9      31.2     229.1     522.0
    4390      3123      15.9      17.5      20.2      31.6     130.1     207.6
    4582      3100      16.5      18.1      21.0      34.2     203.7    3189.5
    4783      3202      16.6      18.3      21.6      34.6     257.4     408.7
    4992      3054      16.8      18.6      21.7      34.6     211.6    3309.9
    5210      3223      17.1      18.8      21.7      34.2     202.0     262.9
    5427      5055      17.6      19.2      22.1      34.0     251.9     340.8
    5652      5010      18.1      19.7      22.4      33.7     206.4     942.7
    5887      4933      18.9      20.7      23.4      33.3     224.3     260.6
    6132      4947      19.0      20.7      23.8      35.6     244.9    4636.3
    6387      5017      19.2      21.0      24.1      36.5     210.5     253.7
    6653      5031      19.5      21.3      24.4      37.1     208.9     264.1
    6929      5058      20.1      21.8      24.8      37.7     150.6     255.2
    7217      5050      20.7      22.3      25.4      39.1     208.5     231.2
    7517      4911      21.4      23.2      26.2      39.5     213.8    4801.4
    7830      5051      21.7      23.5      26.6      39.4     234.1     273.3
    9012      4375      23.9      27.9      36.8      66.9     245.8     272.2
   10373      4483      28.5      32.8      41.8      71.8     240.7    1529.7
   11939      4525      30.9      36.0      45.6      73.3     274.0    1731.7
   13741      4414      33.7      39.3      49.4      76.9     240.4     297.1
   15816      4321      37.2      42.5      53.2      86.8     260.5    1897.4
   18203      4386      41.1      48.5      64.4     103.3     261.5     318.8
   20952      4489      46.4      55.0      72.8     121.2     275.8     297.9
   24115      4389      51.6      61.1      80.0     125.8     299.7     315.2
   27756      4369      58.2      69.7      93.7     154.4     303.3     371.2
   31946      4326      65.2      78.5     106.6     179.3     332.9    9007.7
   32405      3125      66.8      79.9     106.6     177.8     314.1     332.7
   32871      3158      67.2      80.4     110.4     181.7     310.0     313.6
   33343      3155      68.1      81.1     109.0     175.6     303.2     329.4
   33822      3186      69.5      82.7     110.9     176.4     328.8     418.7
   34308      3219      69.9      82.8     110.7     174.1     320.0     335.0
   34801      3144      70.6      83.9     113.3     182.0     296.2     338.4
   35301      3072      72.1      85.7     118.0     210.5     371.6    2654.4
   35808      3150      72.5      86.8     120.5     203.8     337.2     369.6
   36322      3112      73.2      88.2     119.6     197.8     330.3     369.3
   36844      3160      74.5      90.4     124.8     204.7     317.1     325.5
   37146      3068      75.0      90.6     122.8     188.7     319.9     419.6
   37450      3162      75.0      90.8     124.7     216.5     357.0     396.8
   37756      3141      75.5      91.6     128.3     212.9     367.1    1708.4
   38065      3063      76.4      92.7     126.2     220.0     336.7     367.1
   38377      3121      76.9      93.2     127.3     208.7     355.9     573.6
   38691      3157      77.6      93.8     130.1     230.4     374.3    1938.6
   39007      3090      77.6      94.3     129.7     210.1     313.3     346.7
   39327      3218      78.5      95.0     128.6     198.0     368.2     407.1
   39648      3097      79.3      95.5     129.4     201.0     334.2     434.9
   39973      3194      79.9      96.4     133.5     221.6     337.5     361.6
   40382      6226      80.2      97.0     131.2     220.2     337.4    9761.8
   40796      6112      80.9      98.2     134.8     228.7     360.0    1736.7
   41214      6223      82.9     100.1     135.9     221.6     347.0     387.1
   41636      6297      83.2     100.7     135.9     219.7     359.8    7294.0
   42062      6311      84.0     101.2     137.3     218.5     356.8     389.0
   42493      6333      84.9     101.8     136.7     227.6     365.0     409.8
   42928      6339      85.8     103.0     140.1     211.9     340.2     457.3
   43367      6264      86.0     104.0     140.6     225.7     364.0    3584.6
   43811      6196      86.3     104.0     142.2     242.7     376.3     415.7
   44260      6204      87.4     105.6     146.6     249.8     362.1     438.4
   44531      6891      87.6     106.0     147.1     242.6     354.4    2101.3
   44804      6754      87.5     106.7     147.1     257.5     376.9    8242.0
   45079      6907      88.5     107.1     148.7     244.8     370.0    2580.2
   45356      7026      89.1     108.0     148.4     253.5     381.3     610.5
   45634      6939      90.0     109.3     151.3     254.2     403.9    8219.8
   45913      6850      90.1     109.2     152.5     259.6     367.4    5742.6
   46195      6856      90.5     109.9     151.9     260.2     389.3     468.7
   46478      6722      90.8     110.5     151.9     244.9     354.9     390.5
   46763      6774      91.4     111.2     153.6     251.3     383.3     594.3
   47050      6885      92.6     112.2     154.8     250.7     362.2     400.1
   47435     12503      92.8     113.1     156.1     267.0     372.1     425.2
   47823     12503      93.3     113.6     156.6     254.0     384.9     515.7
   48215     12522      94.1     114.3     156.9     246.5     376.0     571.9
   48609     12598      95.2     115.6     158.6     259.2     390.2     489.4
   49007     12353      95.5     116.1     160.8     257.9     376.3     584.3
   49408     12417      95.9     116.8     161.1     257.9     398.2    3979.8
   49813     12517      96.8     118.0     162.9     255.5     390.1    9891.8
   50221     12569      97.6     118.5     162.9     259.9     385.8    3257.5
   50632     12394      97.9     119.2     164.3     266.5     384.8    1664.1
   51046     12579      99.1     120.1     165.5     270.9     374.4    2604.6
   52097      2424     101.5     122.4     167.7     277.2     374.3     381.5
   53169      2428     103.7     125.4     172.6     261.1     365.4     378.6
   54264      2476     105.4     128.2     177.5     285.4     412.5     509.3
   55381      2547     106.8     130.4     182.8     312.3     422.4   11282.3
   56521      2526     109.1     132.8     185.6     295.1     396.3     411.7
   57684      2524     111.5     134.7     190.3     330.9     523.8    8387.7
   58872      2444     113.7     138.1     190.6     307.8     406.1     507.3
   60084      2471     115.8     140.6     191.8     332.1     403.6     451.5
   61321      2522     117.6     142.6     196.8     324.1     451.4     487.5
   62583      2539     119.4     146.5     208.5     353.5     465.5     627.3
   63353      3095     122.1     148.4     206.6     326.4     498.8    1532.4
   64132      3176     122.3     149.2     207.2     335.5     425.6    4935.2
   64921      3158     124.4     152.3     210.5     332.4     441.6     522.5
   65720      3170     125.6     153.0     213.7     345.9     428.0     611.6
   66528      3132     127.2     154.5     215.2     371.1     466.9     508.7
   67347      3095     128.6     156.8     217.1     369.9     463.6     502.9
   68175      3100     129.7     159.1     218.5     358.6     460.4    9086.1
   69014      3181     131.7     160.3     221.9     364.2     469.8     581.8
   69863      3132     132.5     161.7     228.9     373.3     478.4     519.2
   70722      3142     134.6     164.3     229.7     383.1     533.9     645.9
   71156      3197     135.1     164.9     232.6     369.5     492.2    7708.4
   71592      3159     135.4     166.8     235.2     372.4     480.9     522.8
   72031      3100     137.4     167.8     232.7     350.6     482.2     667.9
   72473      3056     137.5     168.7     238.1     382.9     486.9    1703.5
   72917      3127     138.1     169.0     236.7     382.1     541.3    3431.7
   73364      3042     139.1     170.2     236.8     367.0     529.8    7825.4
   73814      3011     139.9     171.4     245.5     409.2     483.6    1635.1
   74266      3100     139.9     171.1     239.0     379.0     514.9     579.7
   74722      3206     141.4     172.8     241.7     390.8     496.3     602.9
   75180      3141     142.2     174.1     239.8     365.5     503.9    1594.2
   75795      9988     142.9     174.9     244.8     388.4     544.4    3184.1
   76416     10060     144.4     176.7     246.4     397.0     563.8     604.9
   77041      9926     145.2     177.8     248.8     388.3     516.0     602.4
   77672      9981     146.1     179.8     251.0     394.9     523.5    5536.1
   78307      9939     147.7     180.6     251.8     404.2     529.4     722.3
   78948      9884     148.6     181.6     254.1     402.7     581.9    1818.2
   79595      9942     150.1     183.7     258.4     420.4     578.9     739.4
   80246     10075     150.6     184.5     259.4     413.7     546.9     877.8
   80903      9930     151.9     187.6     262.3     416.9     563.4     697.1
   81565      9978     153.0     188.0     264.2     420.5     535.5     726.0
   83414      5706     156.4     192.3     270.2     422.5     591.2     777.2
   85305      5710     160.5     196.7     273.0     420.0     586.0     789.5
   87238      5445     163.5     200.1     279.1     436.8     572.3    6619.4
   89216      5588     167.2     205.7     289.3     451.4     610.8     832.4
   91238      5659     170.8     210.0     295.1     449.7     665.4    2095.7
   93306      5735     173.3     214.4     303.1     458.7     613.9     822.6
   95421      5741     177.9     219.3     308.2     467.2     707.4    1843.3
   97584      5652     181.4     223.5     313.5     464.7     687.5     739.1
   99796      5747     186.1     229.3     325.3     506.9     753.1   11881.8
  102058      5632     189.3     233.8     330.1     499.8     664.5    1560.5
  103313      3147     191.6     237.1     329.8     517.7     704.7     842.1
  104584      3041     194.4     239.6     342.0     509.1     673.5     687.8
  105871      3097     197.2     243.1     341.5     505.4     673.2     866.2
  107173      2991     199.0     245.8     343.1     509.5     678.4     935.6
  108492      3144     201.0     249.1     349.2     533.5     712.4     823.2
  109826      3134     203.4     251.4     353.8     512.2     640.6     893.7
  111177      3199     205.2     255.3     359.7     520.1     735.8     852.9
  112545      3205     208.4     258.2     362.2     566.2     780.1    1148.6
  113929      3173     210.8     261.6     372.0     573.0     733.0    1449.8
  115331      3150     212.9     264.2     367.8     574.5     823.8     986.5
  116988      3085     215.9     268.2     374.4     585.5     817.9    1205.0
  118669      3073     219.1     271.7     376.2     568.1     790.9     916.3
  120373      3171     222.2     276.3     390.1     576.8     802.9     898.7
  122103      3103     225.5     280.7     397.4     594.7     801.2     911.8
  123857      3071     228.5     284.7     405.0     656.8     854.8    9017.6
  125636      3177     231.5     286.1     407.6     598.7     962.9    3862.6
  127441      3048     234.3     292.6     408.0     611.9     887.5    1182.2
  129272      3167     238.0     297.2     419.4     648.7     821.0     918.6
  131129      3071     241.2     300.0     426.2     628.0     779.9    1040.1
  133013      3156     244.5     301.7     425.5     621.1     857.9    1268.1
  135199      3190     248.4     309.4     440.5     659.1     941.8    3329.6
  137421      3193     251.3     318.1     443.9     677.4     896.1    1003.7
  139679      3182     256.6     319.2     450.9     695.5     846.6    1046.3
  141975      3183     259.5     326.6     466.4     729.2    1057.9    1816.9
  144308      3131     264.6     330.0     466.9     710.4     975.8    1121.0
  146680      3154     268.3     336.3     473.9     698.3    1035.2    1747.6
  149091      3185     272.3     343.0     489.8     745.1     991.7    1109.1
  151541      3179     277.8     347.9     493.6     749.9    1089.0    1223.8
  154032      3172     281.9     352.7     493.6     717.3     895.1    4760.9
  156563      3100     285.5     359.4     507.7     777.2    1168.8    1429.0
  159136      3196     290.5     364.5     519.5     742.8    1012.1    3347.4
  161752      3099     295.6     369.2     522.0     772.2     971.0    1025.3
  164410      3104     299.8     377.1     540.8     793.4    1107.5    6000.9
  167112      3093     304.3     384.2     548.3     772.8    1096.6    1383.3
  169859      3166     308.9     390.3     547.3     814.6    1221.2    1274.3
  172651      3168     313.9     398.1     570.3     838.8    1132.3    1222.0
  175488      3164     319.4     403.3     577.7     891.7    1165.1    1274.7
  178373      3149     324.1     410.3     577.0     843.5    1170.2    2232.5
  181304      3165     329.3     415.8     593.8     886.6    1199.6    1625.4
  184284      3190     335.3     427.6     606.9     852.4    1082.3    1404.8
  186932      3073     340.0     430.4     610.5     889.1    1247.0    7048.6
  189618      3126     343.9     437.4     622.6     911.4    1264.2    1547.3
  192343      3120     348.8     442.5     626.2     962.1    1453.6    1846.0
  195107      3086     354.0     451.0     637.4     931.6    1309.5    1510.2
  197911      3130     358.8     455.4     653.3     933.5    1229.8    4145.7
  200755      2982     363.7     467.2     672.4     946.6    1255.6    1523.5
  203640      3096     369.2     469.9     665.1     972.6    1406.8    5665.9
  206566      3118     374.3     479.3     675.2    1033.0    1392.5    1633.8
  209535      3057     379.4     487.8     690.0    1048.4    1304.0    1571.1
  212546      3016     384.5     493.4     712.5    1050.8    1328.2    2334.3
  215160      3235     389.3     500.6     716.9    1039.6    1291.3    1756.0
  217805      3142     394.5     509.5     722.7    1048.7    1309.5    1356.3
  220484      3136     398.9     510.1     715.7    1043.7    1494.4    1509.2
  223195      3124     403.7     519.9     728.8    1092.1    1520.5    9861.0
  225940      3204     408.0     528.2     745.5    1120.5    1664.9    1898.1
  228718      3148     412.8     532.4     751.4    1097.5    1479.9    2572.7
  231530      3135     417.7     539.4     767.0    1148.5    1508.7    1679.8
  234377      3035     422.9     549.3     761.8    1110.4    1409.3    1553.6
  237259      3123     428.0     555.6     788.4    1137.5    1408.8    1778.0
  240177      3062     432.5     560.3     784.2    1191.3    1561.0    1757.3
  244622      3067     440.7     568.8     795.4    1132.7    1594.3    2005.4
  249150      3106     448.4     579.6     819.5    1192.2    1513.5    1878.3
  253761      3103     455.8     592.3     832.6    1207.8    1585.7    1793.0
  258458      3071     465.1     606.4     849.3    1248.0    1712.1    2971.5
  263241      3165     474.2     617.7     867.2    1261.5    1909.7    2207.5
  268113      3107     482.5     629.0     882.5    1303.2    1885.9    2184.6
  273075      3191     491.3     641.6     896.4    1278.2    1648.4    2569.1
  278129      2967     501.2     656.9     939.1    1399.4    2014.9    2161.2
  283277      3123     509.5     662.7     932.8    1388.4    2108.8    6643.3
  288520      3071     519.8     681.1     976.0    1442.8    1837.4    2247.2
  302981      3153     545.6     718.5    1013.8    1536.4    2277.9    6161.2
  318166      3046     571.1     751.6    1043.3    1535.2    1820.1    2194.9
  334113      3175     599.7     794.6    1095.9    1667.1    2109.3    6008.9
  350858      3178     629.6     836.0    1187.9    1747.8    2217.2    2390.2
  368444      3098     661.9     878.9    1242.6    1761.2    2221.4    2869.8
  386910      3125     693.5     915.0    1302.6    1857.4    2219.8    3587.4
  406302      3042     725.8     958.0    1367.3    1981.4    2427.2    3027.4
  426666      3087     763.4    1018.1    1437.7    2151.6    2708.6    3455.7
  448051      3113     801.8    1072.3    1500.9    2148.3    2663.3    2975.5
  470507      3148     841.0    1123.5    1602.4    2304.2    2769.4    3052.3
  492079      1862     878.6    1176.9    1674.8    2502.4    3195.3    3230.8
  514641      1839     919.8    1231.0    1749.7    2340.8    2954.2    3201.0
  538237      1836     955.9    1293.3    1830.3    2611.3    3720.2    4313.8
  562914      1846    1006.0    1356.4    1883.6    2722.8    3531.4    3780.8
  588723      1891    1050.6    1432.0    2037.0    2937.0    4487.2    5166.3
  615716      1968    1097.9    1491.1    2133.2    3005.0    4187.6    4207.2
  643946      1942    1151.6    1562.8    2191.1    3017.4    4515.3    4967.4
  673470      1901    1203.0    1639.2    2287.7    3325.3    5220.8    5794.4
  704348      1894    1253.9    1718.8    2379.3    3226.9    3961.9    4604.9
  736642      1919    1312.9    1812.4    2526.9    3461.2    4798.8    5787.5
  754877      1225    1344.5    1841.1    2579.9    3333.7    4738.9    5039.5
  773563      1203    1379.6    1900.9    2668.4    3917.2    4894.4    5249.8
  792711      1219    1409.1    1926.4    2726.8    3728.2    4751.5    5248.9
  812333      1247    1447.5    1993.9    2765.7    3960.7    4870.3    5126.9
  832442      1258    1488.8    2018.6    2845.5    4031.5    5057.6    5172.1
  853048      1291    1520.2    2073.8    2930.7    4247.9    5025.2    5093.9
  874164      1302    1560.7    2150.2    3067.6    4301.2    5310.0    6165.9
  895802      1251    1595.6    2215.3    3114.5    4244.7    4950.9    5059.1
  917977      1271    1634.6    2240.2    3179.2    4477.5    5353.2    5386.1
  940700      1227    1679.2    2269.9    3206.9    4659.6    6207.9    6240.2
 1002039      3067    1785.8    2492.3    3504.6    4901.7    6390.4   11369.5
 1067379      3113    1903.2    2632.1    3708.9    5423.6    7029.4    8562.9
 1136978      3150    2027.9    2813.7    4039.0    5516.8    7216.9    8402.8
 1211116      3122    2156.6    2992.0    4264.0    5951.1    7004.6   11615.2
 1290088      3115    2296.3    3232.8    4602.4    6222.7    7523.9    9364.0
 1374210      3100    2449.5    3423.1    4910.6    6739.7    9383.0   10133.0
 1463817      3163    2601.7    3652.1    5146.2    7097.5    9394.9    9825.3
 1559267      3086    2779.9    3917.6    5606.4    7958.4   10083.6   11313.6
 1660940      3121    2961.2    4127.7    5944.3    8279.5   10933.8   11273.9
 1769244      3178    3145.3    4475.2    6389.1    8989.0   11629.1   13287.1
 1805665      1860    3220.0    4531.7    6663.0    9047.8   10902.8   13809.1
 1842837      1910    3293.9    4600.9    6400.2    8725.8   10268.5   13384.3
 1880773      1879    3349.0    4759.2    6779.9    9608.4   13229.8   15250.3
 1919490      1821    3429.2    4840.7    6863.3    9949.2   13241.2   13766.4
 1959005      1903    3508.5    4964.7    6938.2    9284.2   12869.6   18540.2
 1999332      1928    3563.4    5113.9    7215.7    9989.9   13783.2   15502.3
 2040490      1957    3642.4    5136.3    7368.8   10201.5   15193.2   15386.3
 2082496      1922    3752.5    5259.3    7496.8   10173.4   13889.4   15427.4
 2125366      1874    3778.4    5382.0    7461.3   10231.8   14562.9   15539.5
 2169118      1941    3882.8    5435.0    7809.3   10594.1   13782.3   14804.1
 2527289      4298    4527.7    6500.8    9272.8   12613.6   16096.7   22407.8
 2944602      4342    5265.7    7671.3   10842.6   14699.0   17833.3   21906.1
 3430822      4363    6238.7    8909.3   12854.0   17522.1   22935.9   25164.5
 3997329      4469    7185.2   10521.5   15149.3   20423.9   25082.8   30489.3
 4657379      4366    8561.5   12346.6   17477.0   24530.5   29888.5   38541.1
 5426418      4355    9983.0   14492.1   20953.5   28343.7   34017.5   42543.8
 6322443      4320   11809.0   17121.1   24203.6   32723.9   36955.3   41722.5
 7366423      4353   13910.8   20092.4   28430.6   38943.7   51197.9   55844.9
 8582787      4407   16084.5   23564.5   33184.8   44332.5   54791.4   63176.5
10000000      4400   19106.6   27732.9   38406.0   51600.8   68730.6   80187.7
**** server16.ms0823.log:
1487744421.152921514 HomaTransport.cc:1779 in checkTimeouts WARNING[1]: server rpc starved of grant, sequence 204984, grantOffset 1314180

