# Generated by 'clusterperf.py echoWorkload'
#
#   Size   Samples       Min    Median       90%       99%     99.9%       Max
#-----------------------------------------------------------------------------
      53      4940       4.9       8.9      18.6      34.8     191.3    3136.3
      56      5020       4.9       8.7      18.2      37.5     167.1     258.6
      60      4937       4.8       8.9      18.9      39.7     204.4    1629.0
      64      4801       4.9       8.9      18.5      36.0     217.0     335.3
      68      4912       4.9       8.9      18.1      35.9     180.6     248.5
      72      4981       4.9       8.9      18.7      37.9     224.9     280.0
      77      4987       4.9       9.0      18.6      38.4     211.7     723.8
      81      4962       5.0       8.9      19.3      35.6     197.5     243.1
      87      4935       5.0       9.0      18.6      37.6     184.6     257.7
      92      4998       5.1       9.0      18.7      37.9     217.8     248.3
     100      5020       5.3       9.1      18.8      36.5     170.9     381.7
     109      5043       5.2       9.2      18.9      40.0     151.8     229.1
     119      5015       5.3       9.2      19.2      41.0     216.3    1408.5
     130      5130       5.3       9.2      18.8      39.0     168.5     833.4
     141      4977       5.5       9.3      19.9      38.0     210.0     272.3
     154      4954       5.5       9.3      18.9      37.0     207.9     255.1
     168      5004       5.5       9.4      19.7      39.2     179.2     244.5
     183      5073       5.6       9.5      18.9      37.5     160.9     255.5
     199      5040       5.7       9.5      19.5      37.0     143.9     194.5
     217      4952       5.8       9.5      19.5      38.7     204.5     226.3
     222     17446       5.7       9.5      19.1      38.4     196.6    2006.2
     227     17567       5.8       9.6      19.2      37.5     193.0    1639.5
     232     17692       5.8       9.5      19.2      38.1     186.6     320.6
     237     17315       5.7       9.6      19.4      38.7     192.6     320.2
     243     17568       5.8       9.6      19.4      37.3     177.0     805.9
     248     17577       5.8       9.5      19.3      39.0     220.0     280.0
     254     17614       5.8       9.6      19.4      38.4     199.7    2038.1
     259     17427       5.9       9.6      18.9      36.3     192.5     257.7
     265     17465       5.8       9.6      19.5      39.6     205.8    1424.7
     271     17487       5.9       9.6      19.2      38.2     184.9    3807.2
     274      7651       6.0       9.7      19.5      43.5     188.9     252.5
     277      7494       6.0       9.7      19.4      37.2     152.0     268.6
     279      7544       6.0       9.7      19.2      35.6     167.7     229.5
     282      7348       6.0       9.6      19.6      38.7     184.8     253.4
     285      7546       6.0       9.6      19.0      36.5     207.8     254.7
     288      7420       6.0       9.7      19.7      35.8     161.8     255.5
     291      7538       6.0       9.7      19.4      40.2     195.1    1029.9
     294      7517       6.0       9.7      19.3      40.0     205.9    1642.7
     297      7411       6.0       9.7      19.8      40.1     213.2     256.0
     300      7265       6.1       9.7      19.5      38.4     190.9     252.0
     303     57405       6.1       9.7      19.7      39.8     191.2    3216.9
     305     57660       6.1       9.7      19.4      37.9     177.3    6702.9
     308     57891       6.1       9.7      19.4      39.0     197.1    2163.4
     310     57231       6.0       9.8      19.6      38.2     186.3    2870.7
     313     58029       6.0       9.8      19.6      39.4     195.3    3296.7
     315     57402       6.0       9.8      19.4      39.0     195.0    4802.7
     318     57208       6.1       9.7      19.4      39.2     194.4    1601.5
     321     57564       6.1       9.8      19.6      39.2     200.8    2157.4
     323     57432       6.1       9.8      19.6      38.8     195.4    4193.3
     326     57663       6.1       9.8      19.4      38.6     192.2    2498.2
     331     43630       6.1       9.8      19.6      38.8     184.4    3991.0
     335     43819       6.2       9.8      19.5      38.9     187.7    1816.6
     340     43826       6.2       9.8      19.6      37.4     200.6    2151.6
     345     44321       6.2       9.8      19.6      39.4     199.2    1974.1
     350     43763       6.2       9.8      19.6      39.8     192.2    3147.0
     355     43777       6.3       9.9      19.7      39.4     184.3    4839.0
     360     43617       6.3       9.9      19.8      39.2     205.6    1751.8
     365     44051       6.3      10.0      19.8      39.4     196.1    4677.6
     371     43792       6.3      10.0      19.9      38.5     199.8    3280.6
     376     43741       6.3      10.0      19.7      38.7     204.9    1639.3
     381     13674       6.3      10.0      20.1      40.5     194.5     254.1
     385     13735       6.4      10.0      20.1      39.9     196.0     263.4
     390     13823       6.4      10.2      20.1      39.2     194.0     249.6
     395     13676       6.4      10.0      20.2      39.7     184.1     261.8
     400     13844       6.5      10.0      19.6      40.1     211.3     594.4
     405     13820       6.5      10.1      20.1      39.8     190.4    3169.1
     410     13666       6.5      10.1      19.7      38.3     193.6     240.7
     415     13576       6.6      10.2      20.1      38.9     181.0     258.4
     420     13814       6.5      10.2      20.2      39.4     166.9    7893.1
     425     13585       6.6      10.2      20.0      38.8     186.2    1136.3
     430     27365       6.6      10.2      19.9      38.8     179.7     486.0
     435     27322       6.6      10.2      20.1      38.3     197.4    3174.7
     441     27552       6.6      10.2      20.1      38.9     186.1    1663.8
     446     27491       6.7      10.3      20.0      38.9     184.4    4781.2
     452     27612       6.6      10.3      20.3      38.4     170.6    1923.9
     457     27624       6.7      10.3      20.1      39.6     185.9    1870.6
     463     27372       6.7      10.3      20.0      40.2     184.2    2174.3
     468     27391       6.8      10.3      20.1      39.6     192.9     275.1
     474     27284       6.7      10.3      20.1      40.4     174.7    4711.4
     480     27288       6.8      10.4      20.2      38.6     206.5    2755.1
     491    130897       6.8      10.4      20.3      39.5     193.3    1832.1
     502    131323       6.9      10.5      20.3      39.4     192.2    1849.4
     513    131327       7.0      10.6      20.4      39.4     194.2    4030.1
     525    131963       6.9      10.6      20.4      39.3     191.7    4661.0
     537    131359       7.0      10.6      20.4      39.6     191.4    2330.9
     549    130841       7.1      10.7      20.5      39.7     190.2    3884.6
     561    131208       7.1      10.7      20.5      39.5     184.6    6222.7
     574    131300       7.2      10.7      20.6      40.0     188.4    3019.6
     587    130612       7.3      10.8      20.8      40.5     196.1    3557.4
     600    131333       7.3      10.8      20.6      40.2     188.3    1540.7
     607     38583       7.4      10.9      20.8      39.9     199.0    3611.5
     615     38840       7.4      10.8      20.6      41.5     201.7    3938.1
     623     38736       7.4      10.9      20.9      40.6     205.4    1568.8
     630     39055       7.5      10.9      20.6      38.9     188.2    4730.1
     638     38706       7.5      10.9      20.7      39.5     194.7    3326.1
     646     38634       7.5      11.0      20.9      40.2     197.4    1442.2
     654     38990       7.6      11.0      20.7      40.7     185.0    1719.2
     662     38748       7.6      11.0      20.7      40.0     199.8     310.8
     671     38470       7.7      11.0      20.7      39.9     192.9    3082.9
     679     38781       7.6      11.0      20.9      40.6     200.5    4537.6
     685     23870       7.7      11.1      20.9      41.9     204.9     468.6
     690     23675       7.7      11.0      20.8      40.2     188.7    1567.6
     696     23541       7.8      11.1      21.0      41.2     187.5     395.9
     702     23661       7.8      11.1      21.0      40.7     192.5     326.7
     707     23822       7.8      11.2      21.2      41.3     191.1    1709.3
     713     23664       7.8      11.2      20.8      40.6     193.2    2584.6
     719     23728       7.9      11.2      20.9      40.5     183.8     263.9
     725     23671       7.9      11.2      21.1      40.7     187.0    2202.7
     731     23465       7.9      11.2      21.1      38.8     195.3     273.5
     737     23491       8.0      11.2      20.9      38.9     175.7     358.9
     743     16130       8.0      11.2      21.1      40.0     178.5    3168.5
     749     16367       8.0      11.2      21.3      40.8     196.3     251.8
     755     16446       8.0      11.2      21.1      38.5     192.6     279.6
     762     16261       8.0      11.2      21.1      41.3     195.3     253.3
     768     16289       8.1      11.3      21.1      43.3     191.5     263.8
     774     16289       8.1      11.3      21.4      41.5     198.5     264.2
     781     16325       8.1      11.3      21.1      39.5     192.3    1648.9
     787     16145       8.1      11.4      21.1      38.9     197.3    1592.7
     793     16199       8.2      11.4      21.2      38.8     183.3    2690.5
     800     16412       8.3      11.4      21.4      41.3     208.9     257.2
     808      9982       8.3      11.3      21.4      40.6     176.9     226.0
     816      9998       8.3      11.5      21.5      43.8     219.5     272.3
     825      9907       8.3      11.4      21.5      42.7     189.1     252.9
     833     10095       8.4      11.4      21.2      43.0     196.0     275.6
     841     10072       8.4      11.5      21.4      40.4     169.7     257.8
     850      9970       8.3      11.5      21.7      40.3     160.5     233.7
     859     10016       8.4      11.6      21.0      41.1     205.7    1698.4
     867     10161       8.6      11.6      21.5      40.0     190.8     371.4
     876     10287       8.6      11.6      21.6      39.9     199.9     335.6
     885      9902       8.6      11.6      21.3      39.9     214.9     262.0
     900     12588       8.7      11.8      21.5      41.9     199.6    2875.4
     914     12539       8.7      11.8      21.6      41.0     195.9     368.9
     929     12396       8.7      11.9      22.0      41.9     223.4    2397.2
     945     12489       8.8      11.9      21.9      42.9     192.2    2462.8
     960     12491       8.9      12.0      21.7      41.6     187.6     323.1
     976     12325       8.9      12.0      22.2      42.2     200.3     434.9
     992     12382       9.0      12.1      21.9      42.4     179.9     259.3
    1009     12476       9.1      12.1      22.0      39.6     166.8    4722.4
    1025     12324       9.2      12.2      21.8      40.4     185.5     262.1
    1042     12415       9.2      12.3      22.4      41.2     206.0     257.8
    1063     12372       9.3      12.3      21.9      41.0     193.3     270.3
    1085     12193       9.4      12.4      21.9      41.2     164.6    2158.1
    1108     12485       9.5      12.5      22.1      42.6     188.5     874.8
    1130     12454       9.6      12.6      22.6      41.9     197.3     265.4
    1154     12385       9.7      12.7      22.3      42.1     196.1     264.0
    1177     12447       9.8      12.7      22.3      43.0     170.8     237.3
    1201     12499       9.8      12.8      22.3      40.9     172.4     248.5
    1226     12278      10.0      12.9      22.7      42.8     218.5    2389.5
    1251     12275      10.1      13.0      22.8      42.1     196.1     435.1
    1277     12472      10.2      13.1      22.6      40.4     195.9     434.8
    1290      7587      10.3      13.1      23.0      41.2     139.3     250.6
    1303      7572      10.3      13.2      22.8      42.4     190.5     253.8
    1316      7511      10.4      13.3      23.0      42.0     203.2     375.0
    1330      7598      10.4      13.3      23.1      45.0     181.2     290.7
    1343      7554      10.5      13.4      22.7      42.5     211.8     257.5
    1357      7621      10.6      13.5      22.8      40.0     195.4     336.1
    1371      7657      10.7      13.5      23.0      41.5     225.4    2900.5
    1385      7431      10.6      13.6      23.3      41.7     185.3     235.7
    1399      7572      10.8      13.6      23.0      41.2     233.0     418.4
    1413      7552      10.7      13.7      22.6      40.0     198.0    1456.7
    1425      4847      10.9      13.7      23.3      40.3     116.4     206.8
    1436      4961      10.8      13.7      23.6      43.4     233.0     258.2
    1448      4868      10.9      13.7      22.9      43.0     203.2     257.8
    1460      4870      11.4      14.5      23.5      41.9     232.7     252.4
    1472      5044      12.0      15.2      24.1      41.9     108.9     231.4
    1484      4892      11.8      15.0      24.5      46.6     194.6    2116.6
    1497      5017      11.8      15.0      24.0      45.1     177.0     278.5
    1509      4930      11.9      15.0      24.3      42.9     222.2     268.9
    1521      5083      11.8      15.0      24.1      43.4     222.7     259.9
    1534      5028      11.7      15.0      24.8      43.9     183.1    4467.6
    1547     13836      11.8      15.0      24.0      42.4     203.9     273.2
    1559     13674      11.8      15.0      24.5      45.1     209.4    1688.7
    1572     13748      11.8      15.1      24.5      43.1     162.8     277.4
    1585     13557      11.8      15.0      24.3      45.1     208.8     317.4
    1598     13550      11.8      15.0      24.2      43.2     225.1    7885.9
    1611     13772      11.9      15.0      24.3      43.2     207.4     265.1
    1624     13922      11.8      15.1      24.3      42.9     194.9     259.7
    1637     13822      11.7      15.0      24.3      43.2     179.5    1567.3
    1651     13865      11.7      15.0      24.5      45.1     191.1     235.7
    1664     13610      11.8      15.1      24.6      45.7     224.2    3924.6
    1712      4984      11.9      15.0      24.5      44.2     188.7     237.0
    1762      4971      12.0      15.1      24.5      44.3     229.4     260.1
    1813      4947      12.0      15.2      25.1      44.4     151.5     221.3
    1865      4970      12.1      15.5      25.3      49.6     232.5     269.6
    1919      5029      12.2      15.6      25.3      46.0     213.7     271.5
    1975      4936      12.3      15.6      24.8      47.9     204.5     254.3
    2032      4889      12.3      15.7      24.9      45.0     236.7    1659.7
    2091      5072      12.3      15.7      25.1      46.9     218.6     256.2
    2152      5038      12.2      15.8      25.4      43.9     197.3    1558.9
    2214      4829      12.2      15.9      26.0      47.5     235.6     278.2
    2311      6133      12.4      16.0      24.9      46.1     204.1     252.5
    2412      6285      12.5      16.1      25.4      46.0     177.1    3038.2
    2517      6278      12.7      16.3      25.8      44.6     206.4    1719.8
    2627      6223      12.9      16.4      25.9      43.7     201.2     272.4
    2742      6204      13.1      16.5      26.1      44.5     169.5     263.0
    2862      6191      13.3      16.8      26.1      44.5     191.2     332.3
    2987      6247      13.9      17.6      26.8      44.4     186.0    1243.9
    3118      6063      14.0      17.7      27.3      48.9     190.2     278.3
    3254      6239      14.2      17.7      27.2      46.0     196.5     259.6
    3396      6287      14.4      18.2      27.7      48.4     199.4    3166.7
    3544      6377      14.3      18.4      28.1      49.9     222.9     527.8
    3699      6303      14.6      18.5      28.1      46.9     202.0     267.1
    3861      6375      14.9      18.7      28.6      53.9     187.0     271.2
    4030      6152      15.2      19.0      28.6      49.3     231.8    1278.1
    4206      6259      15.6      19.3      28.9      50.2     197.1     264.0
    4390      6267      16.0      19.7      29.2      49.8     180.9     261.9
    4582      6172      16.5      20.4      29.8      49.6     177.8     245.7
    4783      6199      16.6      20.7      30.2      50.2     219.1     263.1
    4992      6329      16.8      20.9      30.8      53.2     256.1    3286.1
    5210      6273      17.1      21.1      30.7      51.1     220.0     326.7
    5427     10275      17.6      21.4      30.7      50.4     191.1     297.9
    5652      9962      18.1      21.9      31.6      52.7     213.0     281.8
    5887     10087      19.0      23.1      32.2      53.6     233.9    1232.0
    6132     10024      19.0      23.0      32.2      53.8     215.3     269.2
    6387     10025      19.3      23.5      33.2      54.0     244.4     867.2
    6653      9828      19.5      23.8      33.2      52.2     206.1     260.7
    6929      9851      20.1      24.2      33.5      53.5     205.3     289.8
    7217     10055      20.7      24.7      34.3      55.9     235.6    2701.4
    7517      9967      21.5      25.6      34.6      54.5     205.5    6419.7
    7830      9967      21.7      26.1      35.8      56.8     232.9    3679.0
    9012      8855      24.0      36.4      63.2     117.7     278.2    8654.3
   10373      8714      28.7      41.2      69.8     121.8     278.1    6350.8
   11939      8750      31.2      44.9      72.8     130.1     274.9     565.8
   13741      8758      33.9      48.7      75.7     128.3     290.6    7787.6
   15816      8686      37.3      52.6      81.5     139.8     298.5     492.1
   18203      8606      41.4      63.1     107.8     183.3     300.7    1714.5
   20952      8752      46.4      72.2     120.6     204.6     322.6     381.9
   24115      8690      51.7      79.3     127.8     211.2     340.4     449.3
   27756      8727      58.1      92.1     156.9     271.8     363.6     438.6
   31946      8805      65.7     103.3     172.9     285.8     429.3     474.7
   32405      6232      67.0     105.3     171.0     281.9     394.9     510.1
   32871      6256      67.2     107.5     176.3     305.4     449.8     487.8
   33343      6266      68.0     107.7     178.9     294.3     390.8     484.0
   33822      6243      69.9     109.3     178.4     292.3     388.8    3197.5
   34308      6222      70.1     111.3     179.0     281.4     390.2     482.5
   34801      6302      70.8     111.3     182.1     289.8     412.8     457.8
   35301      6112      72.3     115.8     195.1     336.1     470.5     539.7
   35808      6261      72.8     116.6     200.3     336.3     434.3     670.5
   36322      6327      73.4     118.6     200.7     335.9     478.6     610.6
   36844      6361      75.0     120.4     203.5     349.5     468.2    1028.6
   37146      6315      74.8     122.5     209.6     346.0     431.6    2659.0
   37450      6194      75.3     122.4     207.2     337.2     452.7    2288.7
   37756      6114      76.0     123.3     207.1     344.2     462.0    3701.5
   38065      6242      76.7     123.2     208.6     350.1     489.1     566.5
   38377      6122      77.3     124.3     207.6     340.1     443.1     512.8
   38691      6215      77.9     125.9     207.9     345.4     468.0    1904.4
   39007      6176      77.8     126.5     214.2     356.9     483.4     539.4
   39327      6131      78.6     127.1     212.1     348.1     449.0     522.6
   39648      6140      79.4     128.4     214.2     362.3     454.8     603.5
   39973      6245      80.2     129.6     217.1     361.1     517.6    2908.1
   40382     12384      80.1     131.1     218.1     358.6     484.8    1162.1
   40796     12525      81.1     130.9     216.8     353.7     472.8     647.8
   41214     12462      83.2     134.8     222.5     363.2     496.4    2812.0
   41636     12701      83.6     135.3     222.3     357.3     485.8    3204.3
   42062     12462      84.2     136.0     225.5     369.1     502.7    5182.9
   42493     12358      84.7     136.7     226.6     365.4     496.4     632.5
   42928     12528      86.0     138.4     227.7     366.9     489.5     708.6
   43367     12394      86.1     139.3     230.1     381.4     510.9     631.8
   43811     12534      86.3     139.3     229.6     380.6     502.4    5385.2
   44260     12476      87.5     143.4     244.8     406.0     532.9     871.7
   44531     13633      88.0     144.2     244.9     397.1     546.2    1003.1
   44804     13640      88.1     145.0     246.6     398.7     535.0     685.1
   45079     13755      88.6     145.4     247.7     413.0     552.5     932.5
   45356     13535      89.5     146.3     247.4     412.3     580.2    2628.5
   45634     13504      90.2     147.9     249.3     410.1     588.5    8518.6
   45913     13781      90.1     148.7     248.5     403.3     545.3    5477.1
   46195     13815      90.6     149.8     254.3     405.3     543.5    9471.0
   46478     13933      90.8     151.0     255.6     422.9     562.9    5417.9
   46763     13527      91.7     150.1     255.4     415.4     565.0     839.9
   47050     13853      92.6     152.6     259.8     421.4     577.1    2099.9
   47435     24837      92.8     153.8     260.1     419.9     575.7    1757.9
   47823     25209      92.8     153.9     260.5     420.2     552.6    6076.4
   48215     25275      94.4     154.8     258.0     416.3     561.9   11460.6
   48609     24976      95.4     156.4     265.0     429.5     562.4     839.1
   49007     24922      95.8     158.2     264.3     420.0     586.0    1690.4
   49408     25133      96.2     158.8     265.9     429.5     587.3    6518.4
   49813     24867      97.1     159.3     266.2     421.0     599.2    1790.7
   50221     24842      97.8     160.6     269.7     433.9     576.9     943.7
   50632     24926      98.0     162.6     269.8     427.9     559.4     734.8
   51046     25098      98.9     163.1     272.4     436.2     585.1    8913.8
   52097      5027     101.8     167.0     282.6     437.8     580.3     685.5
   53169      5185     103.8     170.4     287.2     462.0     651.6     760.6
   54264      4921     105.4     174.3     299.5     471.3     617.9     749.5
   55381      5066     107.5     175.3     302.5     480.6     660.4     801.8
   56521      4970     109.2     182.5     304.9     493.7     654.9     818.8
   57684      4969     111.9     184.7     318.1     510.6     685.2     713.0
   58872      5120     114.3     190.7     321.2     510.8     646.7     791.0
   60084      5051     115.5     191.5     324.2     526.6     741.8    1927.3
   61321      4895     117.6     192.7     322.9     509.7     730.1     784.5
   62583      4892     120.3     200.1     344.1     552.0     692.1     896.1
   63353      6246     121.8     204.9     342.9     544.7     721.0     854.2
   64132      6307     122.8     205.9     343.3     533.8     702.3    8281.7
   64921      6298     124.7     207.5     350.9     582.2     775.4    1140.3
   65720      6281     125.8     208.9     351.3     554.7     722.1    1048.2
   66528      6175     127.3     213.1     362.9     566.3     755.7    1525.2
   67347      6228     128.7     214.6     355.1     565.3     699.0     820.8
   68175      6104     130.0     216.0     364.4     573.3     756.2     863.3
   69014      6153     131.6     220.5     372.8     551.1     786.5    1032.4
   69863      6300     132.9     222.1     374.0     591.5     762.3    1312.1
   70722      6365     135.2     227.0     384.2     613.6     799.0    2467.4
   71156      6174     135.3     228.3     387.1     619.1     826.8    1056.0
   71592      6271     136.1     226.6     385.4     613.9     830.0    1060.4
   72031      6182     137.4     234.1     394.8     616.9     827.2    1024.8
   72473      6208     138.0     232.5     394.6     619.3     803.9    6299.9
   72917      6359     138.6     232.8     389.5     611.7     850.8    8637.4
   73364      6211     139.1     233.2     394.3     622.3     794.9    1312.6
   73814      6499     140.2     235.2     397.0     638.5     839.7    1034.6
   74266      6310     140.7     236.9     402.6     628.2     851.7    1093.2
   74722      6219     141.3     235.7     404.6     628.7     897.5    2308.5
   75180      6194     142.5     241.3     405.4     648.1     947.0    2248.7
   75795     20110     143.2     241.2     405.2     647.9     842.5    1146.9
   76416     19644     144.2     243.2     411.1     649.3     874.8   10375.8
   77041     19986     145.6     245.5     414.9     658.8     918.6    1499.3
   77672     19918     146.0     246.9     417.5     651.7     905.5    9705.6
   78307     20078     147.8     249.4     417.2     663.6     886.8    6557.2
   78948     19878     148.5     253.0     424.5     668.8     918.6    7095.8
   79595     19974     150.3     254.8     429.5     686.9     953.1    3757.1
   80246     19928     151.1     256.2     433.9     693.2     926.2    9774.5
   80903     20012     152.8     260.1     440.2     710.6     936.1    5296.7
   81565     19939     153.3     261.3     441.8     694.2     893.4    1167.4
   83414     11252     156.8     267.6     452.9     711.9     980.2    1802.7
   85305     11266     160.8     273.1     455.4     704.4     964.3    1220.3
   87238     11233     164.2     278.4     463.8     724.4    1011.5    4706.3
   89216     11334     166.8     287.1     480.9     734.4    1043.0    1562.6
   91238     11185     171.5     293.6     489.3     771.2     995.5    4629.6
   93306     11261     174.1     299.8     498.0     793.1    1004.7    1361.5
   95421     11215     178.1     305.0     512.2     791.2    1083.5    2633.1
   97584     11183     181.7     314.6     522.5     835.6    1145.9    1537.6
   99796     11140     185.8     321.5     539.1     855.9    1224.4    1771.7
  102058     11400     189.8     326.3     547.9     871.8    1151.7    1850.3
  103313      6139     192.7     330.8     558.9     858.9    1134.0    1373.7
  104584      6176     194.5     337.7     561.6     896.4    1129.1    1355.1
  105871      6455     197.8     342.1     573.3     896.4    1168.4    1548.2
  107173      6353     199.7     347.0     589.2     940.0    1357.9    1911.2
  108492      6275     201.9     349.8     579.8     936.4    1245.5   10549.6
  109826      6303     204.0     350.6     591.2     924.7    1205.7    1636.7
  111177      6221     206.3     358.3     596.3     953.6    1208.7    1916.0
  112545      6368     208.1     359.8     604.4     973.7    1266.0    1508.5
  113929      6256     210.9     368.0     611.1     967.2    1327.7    1728.1
  115331      6270     213.2     370.5     616.4    1006.6    1519.2    5897.1
  116988      6152     216.6     379.5     626.7     996.8    1340.3    1583.3
  118669      6260     219.7     379.9     639.9    1018.1    1467.8    5650.3
  120373      6174     222.8     391.6     662.7    1039.2    1357.0    1610.6
  122103      6195     225.6     395.6     653.3    1004.4    1354.3    1841.7
  123857      6185     229.2     401.1     660.9    1050.7    1336.0    1604.9
  125636      6052     231.7     407.5     676.0    1082.3    1451.5    1775.6
  127441      6280     235.3     412.2     685.9    1042.9    1414.7    1514.2
  129272      6191     237.8     416.3     685.6    1060.0    1430.5    1714.3
  131129      6121     241.6     426.1     707.0    1135.3    1415.2    1800.6
  133013      6316     245.0     430.7     713.4    1153.3    1617.0    2123.4
  135199      6214     249.3     436.3     724.1    1132.5    1524.4    1824.4
  137421      6457     253.5     445.8     740.5    1160.1    1596.7   12465.9
  139679      6387     258.4     454.7     755.2    1186.3    1514.4    4733.2
  141975      6383     261.6     457.4     753.1    1172.1    1645.0   13567.7
  144308      6260     266.8     468.0     791.5    1253.0    1599.1    1890.2
  146680      6368     270.0     474.0     779.2    1229.7    1539.2    1954.1
  149091      6245     274.4     481.8     806.3    1299.3    1821.2    4162.2
  151541      6149     279.3     493.4     827.1    1242.9    1693.5    2185.0
  154032      6267     283.1     499.7     819.3    1260.5    1617.4    1900.6
  156563      6268     287.3     509.6     847.3    1244.0    1757.8    2156.5
  159136      6263     291.8     519.4     861.1    1327.5    1804.5    2000.9
  161752      6297     296.2     536.5     881.0    1356.9    1757.2    6261.9
  164410      6204     301.7     534.4     880.1    1316.1    1838.5    7486.7
  167112      6221     305.4     548.5     899.7    1409.7    2005.2    3215.2
  169859      6292     310.9     561.2     916.4    1430.2    1953.0    2299.5
  172651      6353     315.6     565.9     920.8    1419.7    2062.1    2335.9
  175488      6229     320.9     578.5     938.2    1464.3    1847.4    3123.4
  178373      6238     326.2     587.1     965.0    1539.3    1897.1    2429.6
  181304      6267     331.7     598.7     983.5    1487.7    2129.3    2332.1
  184284      6333     337.3     602.7     999.8    1527.8    2520.7    7819.5
  186932      6268     340.8     618.7    1021.2    1591.1    2137.4    5514.8
  189618      6308     346.9     625.0    1042.6    1616.4    2289.9    3300.8
  192343      6198     352.1     635.7    1053.1    1580.2    1977.7    2536.9
  195107      6106     355.1     638.5    1042.0    1622.0    2044.3    2641.3
  197911      6142     360.0     649.4    1052.3    1706.3    2169.5    2476.6
  200755      6181     365.9     664.5    1067.7    1694.3    2275.9    2388.1
  203640      6206     371.6     676.2    1122.6    1762.3    2326.4   16243.9
  206566      6164     376.2     683.0    1089.0    1700.6    2385.3    2572.8
  209535      6144     380.6     699.8    1128.3    1716.6    2296.6    8201.2
  212546      6185     386.2     708.6    1156.8    1779.6    2225.8    2686.0
  215160      6267     389.7     712.1    1159.1    1754.0    2298.8    2685.9
  217805      6348     396.5     721.5    1177.0    1858.3    2454.7    3144.8
  220484      6292     400.5     731.2    1198.1    1823.9    2867.3    9458.5
  223195      6334     404.7     738.2    1194.6    1833.9    2546.2    8642.2
  225940      6279     410.1     744.9    1200.7    1869.7    2290.2    2429.9
  228718      6238     414.0     760.4    1243.9    1907.2    2475.5    3242.8
  231530      6315     419.7     767.8    1271.3    1910.2    2397.8    3236.9
  234377      6261     425.3     785.5    1261.0    1981.3    2705.4    3290.6
  237259      6357     430.5     794.1    1257.8    1948.0    2585.5    3201.1
  240177      6167     434.5     794.8    1291.1    1957.5    2644.9    4136.7
  244622      6384     443.7     813.8    1309.2    2048.7    2788.4    3588.8
  249150      6326     450.7     836.3    1339.3    2055.9    2720.5    3115.7
  253761      6122     458.8     846.9    1350.8    2057.2    2772.5    3428.5
  258458      6305     467.7     862.4    1389.4    2171.0    2910.1    3373.4
  263241      6319     475.9     884.1    1428.5    2179.0    2950.4   13186.8
  268113      6291     483.3     898.0    1449.8    2248.6    3016.9    3633.3
  273075      6383     495.0     918.3    1465.0    2267.2    3275.1    5066.0
  278129      6269     503.7     934.9    1484.8    2260.1    2964.2    3533.6
  283277      6211     513.1     950.3    1528.9    2378.9    3157.3    3555.1
  288520      6233     523.4     971.0    1542.4    2440.6    3668.7    9890.3
  302981      6239     547.7    1028.2    1652.1    2504.6    3215.8    4471.9
  318166      6315     573.2    1076.7    1730.2    2545.8    3403.2    4938.0
  334113      6265     602.9    1134.8    1806.6    2835.5    4056.2    4894.9
  350858      6280     632.2    1192.8    1920.5    2942.4    3795.0    7745.6
  368444      6375     663.1    1250.6    1991.3    2983.2    3976.5    9549.3
  386910      6086     696.7    1331.9    2111.7    3205.4    4718.4    6840.9
  406302      6383     731.3    1395.0    2213.9    3372.1    4320.6   10788.7
  426666      6063     772.2    1463.7    2325.5    3521.2    4636.7    6362.6
  448051      6236     803.1    1549.4    2431.7    3590.8    4849.6   14662.9
  470507      6345     846.0    1630.2    2572.7    3801.8    5346.7    7309.9
  492079      3737     883.9    1712.5    2675.5    4160.1    5607.9   11391.2
  514641      3721     924.9    1792.3    2823.3    4179.0    5504.3    7135.1
  538237      3759     972.5    1870.2    2954.0    4669.2    6903.9   14958.4
  562914      3757    1014.1    1969.3    3057.7    4632.6    6176.8    7512.7
  588723      3761    1063.8    2066.2    3271.2    4837.3    6766.7    9325.6
  615716      3738    1111.3    2167.9    3347.7    4961.6    6775.4    8620.9
  643946      3840    1158.1    2280.0    3599.5    5448.7    7873.4    9662.9
  673470      3730    1210.8    2396.5    3742.3    5547.2    7143.2    9613.9
  704348      3722    1267.7    2498.5    3953.6    6099.0    8103.6    9380.9
  736642      3703    1339.0    2627.9    4052.7    6165.9    8087.4    9723.5
  754877      2483    1379.6    2702.0    4170.7    6289.0    9198.5   16060.4
  773563      2429    1396.1    2740.6    4276.7    6206.1    7723.0    7862.8
  792711      2578    1433.9    2804.1    4356.4    6988.4    9802.0   10345.2
  812333      2487    1457.1    2921.9    4479.6    6913.2    9257.2   11118.8
  832442      2517    1520.3    3024.8    4627.1    6680.2    9310.8   11810.0
  853048      2576    1563.8    3045.2    4730.9    7062.4   10094.0   11750.5
  874164      2445    1579.6    3123.7    4788.2    7390.3   10487.1   15452.8
  895802      2525    1613.5    3240.2    4932.2    7131.0    9726.7   12113.2
  917977      2395    1665.6    3278.7    5186.8    7764.1   10745.1   14189.1
  940700      2459    1711.2    3403.8    5291.0    7858.5    9607.7   10423.6
 1002039      6119    1811.5    3663.2    5678.9    8610.5   11011.4   13370.8
 1067379      6131    1928.9    3910.0    6056.3    8521.9   11823.2   12464.1
 1136978      6446    2086.7    4166.2    6403.7    9516.3   12370.2   14830.9
 1211116      6271    2209.6    4481.2    6880.2   10134.3   13014.2   17215.4
 1290088      6268    2369.1    4799.4    7346.0   10833.0   14530.8   16692.7
 1374210      6373    2502.7    5118.4    7736.1   11435.2   14738.0   17996.8
 1463817      6268    2645.7    5511.1    8464.1   12299.1   17762.2   19928.3
 1559267      6077    2906.7    5833.2    8971.9   13331.3   18685.3   22196.5
 1660940      6321    3165.3    6245.5    9615.5   13772.3   18612.5   30808.2
 1769244      6353    3206.1    6738.2   10234.7   14546.9   19237.3   23276.3
 1805665      3729    3316.1    6860.5   10649.0   15653.2   22139.8   26042.4
 1842837      3796    3401.1    7092.5   10902.0   15791.7   22348.2   28892.1
 1880773      3699    3635.4    7257.4   11145.2   16847.4   21813.1   26134.8
 1919490      3772    3687.9    7306.0   11277.6   16785.4   22594.3   30448.8
 1959005      3809    3810.7    7606.3   11625.0   17194.3   22375.6   23954.4
 1999332      3732    3738.4    7657.0   11765.7   17042.7   22338.0   32386.0
 2040490      3869    3984.2    7876.5   12230.0   18191.6   24749.3   35998.5
 2082496      3911    4001.1    8061.0   12409.1   17821.9   24754.7   31584.3
 2125366      3803    4050.1    8377.4   12584.8   18043.2   24774.6   38169.8
 2169118      3748    4179.3    8465.7   12923.0   18515.3   26001.9   33265.2
 2527289      8651    4802.4    9966.7   15185.1   22325.7   32941.1   44640.7
 2944602      8677    5668.1   11839.3   18102.0   26441.9   32671.4   35083.8
 3430822      8907    6674.2   14172.9   21387.1   31375.9   39197.0   69067.4
 3997329      8762    8178.7   16754.3   25563.7   37083.1   47157.8   67786.2
 4657379      8739    9275.9   19943.0   30380.6   43358.2   61917.2   87940.7
 5426418      8692   11227.0   23797.9   36104.2   52746.1   66989.5   97081.2
 6322443      8704   13703.2   28064.8   43019.4   62765.5   86406.3   99561.2
 7366423      8639   15421.0   33582.4   51708.3   77058.5  106178.7  161538.8
 8582787      8930   18255.1   39783.1   61589.1   93196.2  132807.4  183001.4
10000000      8663   22051.5   47284.8   74997.5  115978.0  159690.1  213197.2
**** server12.ms0819.log:
1487745170.457675457 HomaTransport.cc:1779 in checkTimeouts WARNING[1]: server rpc starved of grant, sequence 257569, grantOffset 474810
1487745186.439007981 HomaTransport.cc:1779 in checkTimeouts WARNING[1]: server rpc starved of grant, sequence 324832, grantOffset 4684890
**** server15.ms0822.log:
1487745145.096144290 HomaTransport.cc:1779 in checkTimeouts WARNING[1]: server rpc starved of grant, sequence 151149, grantOffset 4728990
**** client14.ms0837.log:
1487745123.974865850 HomaTransport.cc:1722 in checkTimeouts WARNING[1]: client rpc starved of grant, sequence 61679, grantOffset 8820
**** server10.ms0817.log:
1487745125.916261411 HomaTransport.cc:1779 in checkTimeouts WARNING[1]: server rpc starved of grant, sequence 69955, grantOffset 320460
1487745182.029564500 HomaTransport.cc:1779 in checkTimeouts WARNING[1]: server rpc starved of grant, sequence 306306, grantOffset 468930
**** server7.ms0814.log:
1487745129.759228325 HomaTransport.cc:1779 in checkTimeouts WARNING[1]: server rpc starved of grant, sequence 86715, grantOffset 6510630
**** client4.ms0827.log:
1487745125.278399424 HomaTransport.cc:1722 in checkTimeouts WARNING[1]: client rpc starved of grant, sequence 67367, grantOffset 7721910
1487745137.821872675 HomaTransport.cc:1722 in checkTimeouts WARNING[1]: client rpc starved of grant, sequence 120156, grantOffset 582120
1487745140.468562014 HomaTransport.cc:1722 in checkTimeouts WARNING[1]: client rpc starved of grant, sequence 131243, grantOffset 1493520
1487745195.141615384 HomaTransport.cc:1722 in checkTimeouts WARNING[1]: client rpc starved of grant, sequence 360862, grantOffset 563010
**** server4.ms0811.log:
1487745127.816543507 HomaTransport.cc:1779 in checkTimeouts WARNING[1]: server rpc starved of grant, sequence 78087, grantOffset 8820
1487745141.084904401 HomaTransport.cc:1779 in checkTimeouts WARNING[1]: server rpc starved of grant, sequence 133733, grantOffset 8820
1487745172.962961164 HomaTransport.cc:1779 in checkTimeouts WARNING[1]: server rpc starved of grant, sequence 268492, grantOffset 1725780
**** client7.ms0830.log:
1487745110.298450666 HomaTransport.cc:1722 in checkTimeouts WARNING[1]: client rpc starved of grant, sequence 4384, grantOffset 296940
1487745122.027387724 HomaTransport.cc:1722 in checkTimeouts WARNING[1]: client rpc starved of grant, sequence 53587, grantOffset 5994660
1487745152.079020123 HomaTransport.cc:1722 in checkTimeouts WARNING[1]: client rpc starved of grant, sequence 179891, grantOffset 1289190
1487745152.103026758 HomaTransport.cc:1684 in checkTimeouts WARNING[1]: aborting ECHO RPC to server 14:58:d0:58:7f:83, sequence 179550: timeout
**** client8.ms0831.log:
1487745109.653409864 HomaTransport.cc:1684 in checkTimeouts WARNING[1]: aborting ECHO RPC to server 14:58:d0:58:5f:03, sequence 1251: timeout
**** server2.ms0807.log:
1487745130.619019292 HomaTransport.cc:1779 in checkTimeouts WARNING[1]: server rpc starved of grant, sequence 90313, grantOffset 7576380
1487745166.489108551 HomaTransport.cc:1779 in checkTimeouts WARNING[1]: server rpc starved of grant, sequence 241261, grantOffset 8820
1487745194.252672933 HomaTransport.cc:1779 in checkTimeouts WARNING[1]: server rpc starved of grant, sequence 358254, grantOffset 1270080
**** client12.ms0835.log:
1487745133.964488601 HomaTransport.cc:1684 in checkTimeouts WARNING[1]: aborting ECHO RPC to server 14:58:d0:58:5f:03, sequence 103238: timeout
**** client13.ms0836.log:
1487745137.235423688 HomaTransport.cc:1722 in checkTimeouts WARNING[1]: client rpc starved of grant, sequence 117328, grantOffset 8820
1487745156.493828653 HomaTransport.cc:1722 in checkTimeouts WARNING[1]: client rpc starved of grant, sequence 198295, grantOffset 8820
1487745180.920949323 HomaTransport.cc:1684 in checkTimeouts WARNING[1]: aborting ECHO RPC to server ec:b1:d7:85:6a:83, sequence 300550: timeout
**** server16.ms0823.log:
1487745137.149608506 HomaTransport.cc:1779 in checkTimeouts WARNING[1]: server rpc starved of grant, sequence 117191, grantOffset 3084060
**** client5.ms0828.log:
1487745206.973128074 HomaTransport.cc:1722 in checkTimeouts WARNING[1]: client rpc starved of grant, sequence 410585, grantOffset 2209410
**** server13.ms0820.log:
1487745127.807354266 HomaTransport.cc:1779 in checkTimeouts WARNING[1]: server rpc starved of grant, sequence 78038, grantOffset 3197250
1487745154.878545874 HomaTransport.cc:1779 in checkTimeouts WARNING[1]: server rpc starved of grant, sequence 192538, grantOffset 8820
**** client16.ms0839.log:
1487745114.045247411 HomaTransport.cc:1722 in checkTimeouts WARNING[1]: client rpc starved of grant, sequence 19779, grantOffset 1134840
1487745168.280230172 HomaTransport.cc:1722 in checkTimeouts WARNING[1]: client rpc starved of grant, sequence 247576, grantOffset 8820
**** client11.ms0834.log:
1487745186.133563860 HomaTransport.cc:1722 in checkTimeouts WARNING[1]: client rpc starved of grant, sequence 322868, grantOffset 1768410
1487745205.451324235 HomaTransport.cc:1722 in checkTimeouts WARNING[1]: client rpc starved of grant, sequence 403926, grantOffset 2615130
**** server11.ms0818.log:
1487745122.903759241 HomaTransport.cc:1779 in checkTimeouts WARNING[1]: server rpc starved of grant, sequence 57474, grantOffset 6607650
**** client2.ms0825.log:
1487745190.414369322 HomaTransport.cc:1722 in checkTimeouts WARNING[1]: client rpc starved of grant, sequence 341237, grantOffset 2010960
**** client1.ms0824.log:
1487745187.146684685 HomaTransport.cc:1684 in checkTimeouts WARNING[1]: aborting ECHO RPC to server ec:b1:d7:85:7a:63, sequence 327097: timeout
1487745187.158686833 HomaTransport.cc:1684 in checkTimeouts WARNING[1]: aborting ECHO RPC to server ec:b1:d7:85:6a:93, sequence 327103: timeout
**** client10.ms0833.log:
1487745154.076775259 HomaTransport.cc:1722 in checkTimeouts WARNING[1]: client rpc starved of grant, sequence 188225, grantOffset 4054260

