# Generated by 'clusterperf.py echoWorkload'
#
#   Size   Samples       Min    Median       90%       99%     99.9%       Max
#-----------------------------------------------------------------------------
      53      2325       4.8      10.2      14.8      21.2     167.2     247.3
      56      2364       4.8      10.4      14.9      26.6     234.8     245.8
      60      2325       4.8      10.1      14.9      27.2     208.3     232.5
      64      2320       5.0      10.4      14.8      21.1     107.3    1040.0
      68      2317       4.9      10.2      14.8      24.6     129.8     205.2
      72      2270       5.0      10.3      14.8      19.7     122.5     223.7
      77      2329       5.0      10.3      14.9      22.5     196.0     213.1
      81      2411       4.9      10.2      14.8      22.6     229.1     278.6
      87      2316       5.1      10.4      14.9      23.7     109.6     151.0
      92      2340       5.1      10.5      14.8      22.5     158.7     215.0
     100      2336       5.2      10.6      14.9      20.5     121.4     229.3
     109      2331       5.4      10.7      14.9      20.0     177.5     237.7
     119      2327       5.4      10.4      14.9      25.0     137.2     219.4
     130      2403       5.4      10.4      14.9      21.3     172.3     235.9
     141      2347       5.5      10.6      15.1      25.1     166.5     199.6
     154      2307       5.5      10.5      14.8      19.5      93.0     126.7
     168      2468       5.6      10.8      15.1      21.4     125.3     217.9
     183      2345       5.7      10.8      15.1      22.2     142.0     204.0
     199      2309       5.8      10.7      15.1      20.9     109.5     261.8
     217      2336       5.8      10.8      15.2      23.1     222.8     250.1
     222      8075       5.7      10.7      15.1      22.2     182.4     420.3
     227      8308       5.8      10.7      15.1      22.6     180.3     329.7
     232      8054       5.8      10.8      15.1      22.3     152.4     221.6
     237      8009       5.8      10.7      15.2      22.7     179.9     268.5
     243      8249       5.9      10.8      15.1      21.9     165.9     449.4
     248      7983       5.8      10.7      15.2      22.2     135.2     218.6
     254      8214       5.9      10.7      15.1      21.7     213.0     258.9
     259      8107       5.9      10.8      15.1      23.9     178.7     253.0
     265      8141       6.0      10.8      15.1      20.4     149.1     249.0
     271      8211       6.0      10.8      15.2      23.1     177.0     519.7
     274      3540       5.9      10.7      15.1      22.1     209.2     267.3
     277      3464       6.0      10.7      15.1      22.5     171.7     222.2
     279      3558       6.1      10.9      15.1      22.0     215.1     277.2
     282      3403       6.0      10.8      15.1      26.3     192.0     253.3
     285      3531       6.0      10.8      15.1      20.5     203.0     253.1
     288      3474       6.1      10.8      15.2      21.4     203.1     250.5
     291      3620       6.0      10.8      15.3      23.3     171.4     242.9
     294      3440       6.1      10.9      15.4      23.4     214.3     240.8
     297      3517       6.1      10.9      15.2      23.5     235.9     466.9
     300      3610       6.1      11.0      15.4      24.1     184.5     254.6
     303     26928       6.0      10.9      15.3      22.5     207.8    1316.2
     305     26970       6.1      10.9      15.3      22.6     205.3     728.0
     308     27102       6.0      10.9      15.2      22.2     187.9     335.4
     310     26833       6.1      10.8      15.2      22.9     184.8     262.9
     313     26887       6.1      10.9      15.2      21.9     174.3    2367.9
     315     26749       6.1      10.9      15.2      22.4     171.1    1046.7
     318     26693       6.0      10.9      15.2      22.2     197.7    1309.4
     321     26896       6.1      10.9      15.3      23.1     197.7     374.9
     323     26964       6.1      10.9      15.3      22.8     182.4     336.6
     326     26693       6.2      11.0      15.3      22.6     197.9     276.0
     331     20565       6.1      11.0      15.3      23.0     185.2     723.2
     335     20437       6.2      11.0      15.3      22.2     211.8     397.5
     340     20384       6.2      11.0      15.3      22.1     177.8     247.9
     345     20829       6.2      11.0      15.4      22.8     198.6     262.5
     350     20711       6.2      11.0      15.4      22.2     168.3     263.8
     355     20605       6.2      11.1      15.5      24.0     205.7     259.0
     360     20654       6.3      11.1      15.4      23.5     223.2    1619.8
     365     20609       6.4      11.1      15.4      22.1     200.3     429.2
     371     20596       6.3      11.1      15.5      23.2     192.2     406.3
     376     20464       6.4      11.1      15.5      22.7     192.9    1003.8
     381      6316       6.4      11.2      15.5      22.0     138.9     401.6
     385      6304       6.5      11.2      15.6      21.9     227.7     714.5
     390      6439       6.5      11.3      15.6      23.2     202.5     298.1
     395      6508       6.5      11.3      15.5      23.7     193.2     260.4
     400      6328       6.5      11.3      15.6      23.3     163.5     308.1
     405      6430       6.6      11.3      15.6      24.7     212.5     332.1
     410      6281       6.6      11.2      15.6      23.2     178.9     263.9
     415      6376       6.5      11.4      15.7      22.5     140.7     200.3
     420      6530       6.6      11.3      15.7      22.3     146.1     251.3
     425      6455       6.7      11.4      15.8      24.2     221.4     755.0
     430     12944       6.7      11.4      15.7      23.1     185.2     237.2
     435     13090       6.7      11.5      15.8      22.1     192.2     374.4
     441     13074       6.6      11.3      15.7      23.1     185.1     318.9
     446     12887       6.6      11.4      15.7      23.8     202.3     260.8
     452     13001       6.8      11.4      15.8      22.9     205.4     619.9
     457     13078       6.7      11.5      15.8      23.4     179.4     485.6
     463     12862       6.7      11.5      15.8      23.4     180.1     261.5
     468     12822       6.7      11.5      15.8      23.6     170.5     270.9
     474     12873       6.8      11.4      15.8      23.6     177.9     261.6
     480     12906       6.8      11.4      15.8      22.4     179.2     267.8
     491     61460       6.8      11.5      15.9      23.7     180.8    3485.9
     502     61760       6.9      11.6      15.9      23.2     195.5    2727.5
     513     61176       7.0      11.7      16.0      23.3     188.9     535.0
     525     61723       7.0      11.7      16.0      23.5     201.7    1604.0
     537     61261       7.0      11.7      16.0      23.7     192.2    2185.7
     549     61364       7.1      11.7      16.0      23.4     175.6    1853.7
     561     61507       7.1      11.8      16.1      23.9     185.3     291.6
     574     61108       7.2      11.8      16.0      23.6     186.0    1553.7
     587     61296       7.2      11.8      16.1      24.4     173.9    1097.4
     600     61225       7.3      11.8      16.1      24.0     192.6    2542.1
     607     18211       7.4      11.9      16.2      25.4     178.8     251.4
     615     18012       7.5      11.9      16.1      22.8     189.6    1845.8
     623     18173       7.5      11.9      16.2      24.0     159.3     917.6
     630     18128       7.4      12.0      16.2      24.2     164.3     239.9
     638     18340       7.5      11.9      16.2      23.5     188.8    1792.8
     646     18088       7.5      12.0      16.2      22.8     138.3     257.3
     654     18321       7.6      12.0      16.2      22.9     180.7     721.0
     662     18153       7.7      12.1      16.3      24.9     201.6     268.9
     671     18020       7.7      12.0      16.2      24.8     196.0     293.3
     679     18102       7.7      12.1      16.3      24.0     184.5    1786.2
     685     11105       7.7      12.0      16.2      25.1     184.6     261.0
     690     11220       7.8      12.1      16.3      24.4     194.5     260.8
     696     11358       7.8      12.1      16.3      25.2     191.6     351.5
     702     11176       7.8      12.0      16.2      24.4     173.2     359.1
     707     11022       7.9      12.1      16.3      23.3     158.8     251.6
     713     10989       7.9      12.2      16.3      24.3     191.4     255.3
     719     11098       7.9      12.2      16.4      25.1     193.3     242.3
     725     11071       7.9      12.1      16.3      24.4     191.4     365.3
     731     11098       7.9      12.2      16.4      24.9     192.1     237.2
     737     11093       7.9      12.2      16.4      25.6     194.5     255.0
     743      7602       7.9      12.2      16.5      26.6     174.1     256.1
     749      7661       7.9      12.2      16.4      24.5     224.0     262.1
     755      7568       8.1      12.2      16.5      23.0     158.6     264.6
     762      7644       8.1      12.2      16.4      26.4     222.7     422.7
     768      7588       8.1      12.3      16.4      24.7     198.8     239.1
     774      7562       8.1      12.2      16.5      22.7     209.7     485.3
     781      7666       8.1      12.3      16.4      24.5     167.3     248.2
     787      7658       8.1      12.3      16.6      23.6     125.7     257.3
     793      7685       8.2      12.4      16.5      23.4     166.2     224.4
     800      7740       8.1      12.4      16.5      24.7     187.2     362.8
     808      4737       8.3      12.4      16.5      24.6     133.0     245.3
     816      4712       8.3      12.4      16.6      24.1     110.3     220.1
     825      4779       8.3      12.3      16.5      26.1     175.0     324.1
     833      4726       8.3      12.3      16.5      23.0     149.6     241.4
     841      4772       8.4      12.4      16.5      24.3     143.6     232.1
     850      4726       8.4      12.3      16.6      25.1     194.0     270.6
     859      4830       8.5      12.6      16.6      25.1     192.4    1974.9
     867      4770       8.6      12.5      16.7      26.0     221.5     463.8
     876      4833       8.6      12.6      16.6      26.9     192.1     229.6
     885      4759       8.6      12.7      16.6      23.1     141.7     157.6
     900      5775       8.7      12.6      16.7      23.9     230.8     287.8
     914      5842       8.8      12.7      16.7      25.2     211.0     427.6
     929      5658       8.8      12.7      16.8      24.4     118.5     220.0
     945      5819       8.8      12.6      16.7      23.4     184.7     796.0
     960      5765       8.9      12.6      16.7      23.9     189.5     260.5
     976      5820       8.9      12.9      16.8      28.6     209.6     239.4
     992      5723       9.1      12.8      16.9      24.5     191.6     254.5
    1009      5793       9.1      12.9      17.0      26.4     185.1     246.8
    1025      5824       9.3      13.0      17.1      23.4     191.2     239.6
    1042      5857       9.3      13.1      17.0      24.4     169.0     238.5
    1063      5916       9.3      13.0      17.1      26.2     202.4     268.8
    1085      5861       9.4      13.0      17.1      27.4     225.6     252.3
    1108      5820       9.6      13.4      17.3      25.9     140.8     216.1
    1130      5693       9.7      13.3      17.3      24.9     148.3     256.8
    1154      5785       9.7      13.4      17.4      25.4     129.9    2420.7
    1177      5772       9.9      13.5      17.3      24.9     217.9     372.1
    1201      5879       9.8      13.6      17.4      25.7     105.9     247.9
    1226      5923      10.0      13.7      17.5      23.7     211.2     256.4
    1251      5863      10.1      13.7      17.4      23.8     222.4     251.9
    1277      5760      10.2      13.8      17.6      24.4     197.1     237.0
    1290      3546      10.2      14.0      17.8      28.6     192.4    2163.9
    1303      3499      10.4      13.8      17.6      24.4     175.7     227.8
    1316      3451      10.4      14.0      17.7      25.1     143.3     197.4
    1330      3498      10.5      14.0      17.8      27.9     220.5     260.5
    1343      3561      10.5      14.1      17.9      27.2     220.6     254.4
    1357      3656      10.6      14.1      17.8      26.8     191.9     254.8
    1371      3505      10.6      14.2      17.9      25.8     213.3     243.8
    1385      3439      10.8      14.2      18.0      27.7     223.3     266.7
    1399      3596      10.7      14.2      18.0      25.2     156.5     232.6
    1413      3575      10.7      14.2      17.9      26.1     215.7    1247.7
    1425      2317      10.8      14.3      18.0      28.2     215.3     253.1
    1436      2392      10.8      14.3      18.1      23.4     152.2     224.8
    1448      2401      11.0      14.5      18.2      24.6      91.4     165.9
    1460      2345      11.5      15.0      18.7      29.8     194.6     234.2
    1472      2300      12.2      15.8      19.5      44.4     211.2     257.0
    1484      2335      11.8      15.6      19.1      30.4     139.2     244.1
    1497      2350      11.9      15.8      19.7      30.8     227.8     243.5
    1509      2286      11.9      15.6      19.6      26.9      77.0     200.4
    1521      2325      11.8      15.8      19.8      26.7     182.1     212.4
    1534      2389      11.8      15.7      19.7      31.2     157.0     259.2
    1547      6470      11.7      15.7      19.7      28.8     205.2     255.2
    1559      6422      11.7      15.7      19.7      27.4     200.3     258.0
    1572      6379      11.8      15.7      19.8      30.0     218.4     257.4
    1585      6516      11.9      15.7      19.6      30.5     202.1     265.0
    1598      6486      11.7      15.6      19.6      30.6     179.6     261.9
    1611      6394      11.8      15.7      19.7      28.2     215.7     249.4
    1624      6518      11.9      15.8      19.8      26.6     183.5     238.1
    1637      6464      11.8      15.7      19.6      27.7     197.9     299.3
    1651      6454      11.8      15.7      19.6      30.3     189.3     464.8
    1664      6426      11.8      15.8      19.6      29.1     234.1     258.2
    1712      2315      11.7      15.6      19.8      30.4     249.4     433.9
    1762      2333      12.0      15.8      19.7      31.4     229.9     265.0
    1813      2338      12.0      16.1      20.2      31.5     205.9     228.8
    1865      2388      12.0      16.4      20.5      27.4     106.8     256.1
    1919      2317      12.2      16.6      20.6      28.4     213.5     399.1
    1975      2251      12.3      16.6      20.7      28.1     187.3     418.5
    2032      2330      12.2      16.4      20.3      28.2     153.0     190.3
    2091      2330      12.3      16.3      20.6      30.6     204.2     234.0
    2152      2374      12.2      16.5      20.4      29.6     197.6     251.0
    2214      2380      12.3      16.6      20.5      26.5     105.7     206.5
    2311      2955      12.3      16.5      20.6      28.2     196.4     256.2
    2412      2918      12.5      16.6      20.5      29.2     218.0     253.8
    2517      2978      12.7      16.8      20.8      29.1     219.5     265.4
    2627      2914      12.9      17.0      21.1      30.9     262.0    1419.8
    2742      3060      13.2      17.1      21.1      28.4     148.9     216.4
    2862      3067      13.3      17.3      21.3      28.6     156.3     238.9
    2987      2925      14.0      18.1      22.0      29.8     161.4     202.8
    3118      2857      14.0      18.2      22.2      35.0     170.7     265.6
    3254      3083      14.1      18.4      22.3      37.2     211.8     254.7
    3396      2918      14.3      18.8      22.6      32.3     250.7     263.6
    3544      2865      14.3      19.1      23.0      40.5     248.1     273.2
    3699      2918      14.6      19.1      23.2      36.8     208.5     259.8
    3861      2953      14.9      19.4      23.3      30.5     239.0     261.6
    4030      2895      15.3      19.7      23.6      31.7     213.7     257.0
    4206      2871      15.6      19.8      23.6      33.0     264.8     432.9
    4390      2908      16.0      20.3      24.1      31.3     140.2     219.0
    4582      2963      16.5      21.0      24.9      35.6     194.8     258.9
    4783      2940      16.7      21.2      25.2      40.0     244.7     352.3
    4992      2953      16.9      21.5      25.3      38.0     186.4     262.6
    5210      2934      17.1      21.9      25.7      36.0     245.0     314.8
    5427      4703      17.6      22.0      25.8      36.8     195.3     264.4
    5652      4519      18.1      22.4      26.3      47.3     262.3     367.2
    5887      4606      19.1      23.6      27.3      37.6     221.3     245.9
    6132      4598      19.0      23.5      27.4      37.5     202.1     271.2
    6387      4647      19.2      24.2      28.2      38.7     204.0     269.9
    6653      4622      19.5      24.2      28.3      35.4     161.9     252.2
    6929      4703      20.1      24.6      28.6      39.6     178.0    2346.1
    7217      4851      20.7      25.2      29.2      44.8     243.0     309.4
    7517      4734      21.5      26.1      30.3      45.0     224.8     276.8
    7830      4669      21.7      26.6      30.8      45.1     252.7     272.4
    9012      4008      23.9      40.4      53.1      63.6     255.0     303.0
   10373      4140      28.8      44.7      57.6      72.0     260.9     298.0
   11939      4265      31.3      48.2      61.6      76.9     233.5     287.2
   13741      4068      34.0      51.5      64.7      76.7     277.4     303.2
   15816      4227      37.4      55.7      69.1      86.6     269.9     316.6
   18203      4059      41.4      66.9      86.7     111.8     289.7     341.9
   20952      4165      46.2      76.3      94.8     114.5     254.1     312.4
   24115      4065      52.0      83.3     103.3     153.1     343.6     785.0
   27756      4004      58.2      96.8     120.9     142.2     341.1    1178.4
   31946      4043      65.6     107.9     133.3     169.7     314.4     390.4
   32405      2854      67.0     110.0     134.9     166.7     337.9     442.8
   32871      2911      67.8     111.5     137.1     178.8     385.7   13271.2
   33343      2899      67.9     111.6     137.8     179.3     367.2     407.5
   33822      2827      69.9     113.3     139.4     180.0     357.6     373.0
   34308      2865      69.9     113.9     140.7     181.6     393.3    1291.7
   34801      2851      70.4     115.6     142.0     175.7     367.6     383.0
   35301      2963      72.5     119.3     149.5     177.8     324.0     340.0
   35808      2931      72.6     121.2     150.4     188.4     384.4     490.8
   36322      2906      73.5     122.2     151.9     186.9     368.8     389.0
   36844      2971      74.5     125.0     155.2     200.2     384.6     392.6
   37146      2999      75.4     126.9     157.1     194.9     394.0     401.2
   37450      2932      75.2     125.9     156.1     193.2     402.5     414.0
   37756      2982      76.1     127.2     157.1     197.1     380.4     544.4
   38065      2957      77.0     127.7     157.4     204.9     353.1     383.8
   38377      3020      77.5     129.3     159.5     211.6     385.2     392.5
   38691      2981      77.3     130.0     161.0     208.4     380.8     391.5
   39007      2984      77.9     131.8     161.6     210.2     421.1     464.7
   39327      2924      78.7     130.2     160.7     203.5     386.0     391.6
   39648      3034      79.3     132.4     163.1     203.9     365.2     388.5
   39973      2932      80.3     133.2     164.1     205.1     426.3     712.1
   40382      5796      80.2     135.1     166.0     220.4     393.5     585.4
   40796      5901      80.8     135.8     166.4     219.9     387.5     441.1
   41214      5809      83.6     138.4     169.2     228.4     408.2     778.9
   41636      5917      83.7     139.7     171.0     223.2     416.1    1579.8
   42062      5863      83.9     139.2     171.6     220.1     385.9     419.0
   42493      5699      85.0     141.1     171.8     221.2     408.2     630.2
   42928      5852      86.2     142.2     173.5     224.3     391.8     450.8
   43367      5998      86.3     143.2     175.6     229.2     395.4     439.9
   43811      5860      86.8     144.2     176.7     240.3     429.0     680.4
   44260      5739      88.0     146.9     182.4     234.7     410.6     561.7
   44531      6480      87.5     147.7     181.9     228.8     393.5     640.4
   44804      6508      88.1     148.8     183.6     241.5     414.5     655.0
   45079      6370      88.5     149.2     184.2     239.1     406.8     675.3
   45356      6358      89.3     150.2     186.2     242.1     428.9     499.0
   45634      6468      90.3     152.2     187.7     241.7     414.2     488.6
   45913      6324      90.0     152.3     188.3     250.8     417.0     619.2
   46195      6421      90.3     153.3     188.9     244.2     367.1     691.6
   46478      6495      90.8     154.8     189.9     250.3     413.5     650.2
   46763      6388      91.6     154.3     190.3     262.2     416.4     434.1
   47050      6505      93.1     155.9     193.4     239.8     382.7     439.5
   47435     11747      93.1     157.7     194.8     252.9     416.2    1105.7
   47823     11840      93.1     157.8     194.6     247.4     412.6     508.8
   48215     11814      94.1     158.3     196.1     257.8     419.5    1548.5
   48609     11713      95.1     160.7     197.8     261.1     435.4     636.0
   49007     11738      95.8     162.1     199.8     262.5     427.3     484.0
   49408     11686      96.0     162.2     199.2     265.9     427.8    1686.7
   49813     11558      97.1     162.7     199.8     263.3     439.1     791.0
   50221     11750      97.9     165.8     203.1     266.1     440.8    1473.3
   50632     11677      98.5     167.0     205.6     271.8     421.4     673.9
   51046     11713      99.3     166.7     205.3     263.5     436.1     608.9
   52097      2304     102.1     170.8     209.3     268.8     431.4     457.1
   53169      2321     104.2     176.0     214.6     288.0     458.7     509.3
   54264      2302     105.4     177.8     218.4     291.1     449.2     482.5
   55381      2291     107.4     182.0     224.1     295.3     417.8     444.1
   56521      2358     108.7     184.8     228.6     296.0     448.6     475.1
   57684      2318     111.6     188.7     234.7     303.2     467.7     477.4
   58872      2253     114.2     194.3     236.2     309.4     437.6     463.9
   60084      2358     116.0     197.4     240.9     320.2     457.1     485.5
   61321      2414     117.6     198.4     244.8     313.8     462.0    3220.0
   62583      2354     120.2     204.2     252.1     336.6     466.6     539.1
   63353      2978     121.9     209.0     258.3     366.2     507.6     695.7
   64132      2770     122.6     209.4     259.1     336.2     524.6    3260.0
   64921      2829     124.5     213.7     260.9     351.4     516.8     707.0
   65720      2925     125.7     215.4     263.4     363.0     524.7     559.8
   66528      2783     127.3     217.1     268.3     374.1     485.4     535.4
   67347      2998     128.7     218.7     270.0     375.9     686.1    3334.3
   68175      2985     129.8     222.0     272.3     355.9     504.2     566.7
   69014      2931     131.5     224.7     276.7     369.9     512.2     757.9
   69863      2952     132.9     226.1     280.9     398.8     523.1    3041.8
   70722      2967     134.3     231.6     283.4     377.6     526.5     563.2
   71156      2876     135.3     232.7     286.8     387.7     502.7     516.5
   71592      2815     136.3     235.0     285.6     405.0     575.3    2444.6
   72031      2941     137.9     235.4     289.6     381.0     501.6     519.0
   72473      2938     137.2     235.9     288.7     376.7     555.2     644.8
   72917      2944     137.8     240.1     293.1     418.0     565.0     619.0
   73364      2919     139.4     238.3     295.5     406.2     557.9     568.1
   73814      3031     140.3     240.6     297.6     399.1     543.1     779.6
   74266      3017     140.7     241.8     296.6     415.7     520.6     663.7
   74722      2886     141.1     246.5     300.9     421.6     528.5     553.2
   75180      2891     142.4     246.0     302.4     426.8     530.5     597.6
   75795      9352     143.2     247.9     304.4     394.8     534.0     742.6
   76416      9502     144.8     249.3     304.4     408.7     523.4     609.7
   77041      9500     144.9     252.8     307.3     417.7     552.1     805.9
   77672      9257     146.4     252.8     308.5     411.5     549.3     614.9
   78307      9284     148.0     257.1     313.9     422.3     560.2     703.1
   78948      9279     149.1     259.1     314.4     421.4     562.4    1476.3
   79595      9363     150.4     260.5     317.9     431.0     577.8     774.2
   80246      9373     150.9     262.5     320.2     431.2     548.5    3013.5
   80903      9373     153.2     267.2     325.1     441.9     575.6    2668.1
   81565      9361     153.2     266.9     325.2     445.4     581.1    3534.1
   83414      5310     156.6     273.5     332.4     452.5     601.1    3163.2
   85305      5220     160.8     278.3     340.6     458.7     603.5     846.2
   87238      5148     163.5     284.9     350.1     479.8     595.2     716.5
   89216      5298     167.8     292.2     356.5     476.6     606.3     722.4
   91238      5312     170.5     297.1     366.9     509.3     627.2     909.5
   93306      5284     174.5     304.3     376.1     526.3     642.8     730.0
   95421      5197     177.5     311.2     383.9     533.9     671.1     849.8
   97584      5337     182.1     318.5     393.9     555.6     656.2     745.2
   99796      5231     185.8     325.2     399.5     533.8     686.8     908.1
  102058      5385     189.8     335.6     411.9     579.6     767.7    1976.3
  103313      2847     192.9     334.2     419.0     583.6     777.1     793.8
  104584      2974     195.2     339.3     422.7     591.6     731.3    1051.6
  105871      3004     197.9     345.5     425.9     588.6     727.4     940.9
  107173      2915     200.6     350.2     435.6     594.4     787.3     915.8
  108492      2930     201.1     353.1     438.7     596.4     821.9    1104.5
  109826      3020     205.2     360.4     446.5     618.8     723.7    3377.1
  111177      2875     206.6     361.0     451.1     634.4     698.8     789.1
  112545      2893     209.7     368.1     456.4     626.3     870.7     990.1
  113929      3050     211.6     373.0     458.5     637.7     754.5     904.5
  115331      3015     214.6     376.2     468.8     646.8     823.8    1123.5
  116988      2910     217.7     380.9     474.8     663.6     899.2     927.3
  118669      2966     220.8     387.2     481.8     671.0     878.2    1884.6
  120373      2946     223.8     392.4     486.4     680.8     848.2     874.3
  122103      2957     227.1     399.3     493.8     684.7     845.7     929.7
  123857      2862     230.9     404.6     500.5     698.7    1023.6    2531.0
  125636      2852     232.8     415.0     514.0     709.7     841.0     865.4
  127441      2839     235.9     418.2     514.2     710.5     819.5     867.2
  129272      2825     239.5     421.9     524.6     758.2     922.1    1012.7
  131129      2832     244.0     431.5     530.1     727.3     908.3     964.9
  133013      2942     246.0     437.7     540.9     730.0     865.3    1164.5
  135199      3068     250.5     443.2     545.3     769.8     926.6    1044.3
  137421      2961     253.5     447.3     555.7     780.0    1039.2    1154.3
  139679      2982     258.0     462.8     574.7     790.2    1006.6    1019.0
  141975      2907     262.5     463.1     574.5     770.4    1058.8    2244.6
  144308      3081     266.7     480.3     598.1     790.0     896.0    1229.9
  146680      2956     269.4     484.5     600.8     858.0    1061.3    1135.6
  149091      2929     273.7     488.9     608.2     852.0    1097.2    1436.4
  151541      2935     278.7     497.0     620.7     869.6    1153.5    2767.5
  154032      2925     282.3     506.4     638.3     887.2    1102.7    1141.2
  156563      2910     286.6     516.4     645.5     876.1    1103.1    1184.2
  159136      2916     292.4     523.5     657.3     911.1    1272.8    1371.3
  161752      2908     297.4     535.4     669.4     901.1    1146.8    1290.1
  164410      2906     301.1     540.6     670.8     911.8    1222.9    1896.7
  167112      2955     305.5     547.6     685.2     918.5    1259.2    1421.9
  169859      2950     309.9     566.6     706.1     955.3    1302.2    3125.4
  172651      2940     317.4     569.5     714.0     966.7    1232.0    1328.9
  175488      2951     319.7     576.3     722.7    1011.2    1259.6    1304.3
  178373      2942     326.1     590.3     741.1    1025.9    1265.5    1671.4
  181304      2911     332.6     595.8     747.8    1020.2    1372.8    1571.2
  184284      3005     336.5     611.2     769.5    1053.2    1253.0    1412.9
  186932      2897     342.0     623.0     783.6    1090.3    1324.5    1381.1
  189618      2840     346.6     627.5     788.3    1062.7    1385.7    1626.6
  192343      2901     351.1     635.9     807.3    1096.7    1344.0    1538.0
  195107      2996     354.6     646.4     820.3    1126.8    1449.7    2360.5
  197911      3032     359.6     658.2     826.2    1069.5    1299.7    1446.4
  200755      2930     365.2     666.0     843.0    1189.9    1432.6    2149.3
  203640      2988     369.9     677.5     853.7    1123.9    1434.0    1619.9
  206566      2892     374.3     689.1     868.1    1172.8    1540.1    1680.5
  209535      2836     379.5     697.3     878.5    1168.5    1386.5    1465.8
  212546      2881     385.8     703.4     879.2    1185.1    1478.8    1534.3
  215160      2959     391.9     716.6     919.7    1222.5    1475.5    1865.5
  217805      2909     397.5     728.4     923.0    1232.3    1542.4    1946.1
  220484      2998     401.9     734.5     933.9    1266.3    1534.8    1722.3
  223195      2990     406.4     743.7     935.6    1282.5    1643.5    3048.5
  225940      2936     412.4     750.0     938.4    1259.3    1692.2   13816.0
  228718      2955     416.3     764.8     967.4    1330.8    1599.1    1703.7
  231530      3072     420.8     770.1     973.6    1408.6    1664.7    3958.9
  234377      2932     423.6     779.7     990.3    1332.4    1582.3    1753.4
  237259      2982     430.4     797.1    1009.0    1320.2    1608.0    2758.4
  240177      2921     436.8     802.0    1017.5    1376.4    1745.5    1955.3
  244622      2970     446.3     823.1    1022.2    1357.3    1685.0    1879.1
  249150      2960     453.6     828.2    1065.2    1437.9    1897.9    2106.1
  253761      2897     460.0     853.4    1084.2    1398.7    1824.2    2314.7
  258458      2813     468.0     856.6    1093.0    1469.3    2035.2    2386.5
  263241      3047     478.4     880.6    1105.4    1511.1    1748.2    2149.2
  268113      2905     487.6     889.6    1142.6    1491.9    1737.2    1937.4
  273075      2949     495.8     919.0    1174.4    1608.1    1954.2    2387.2
  278129      2886     505.8     931.9    1198.6    1578.2    1937.7    2466.9
  283277      2952     511.7     951.3    1221.2    1679.6    2203.7    2271.0
  288520      2951     524.0     971.0    1217.9    1650.0    2393.5    2723.7
  302981      2995     547.8    1023.9    1311.3    1758.7    2215.9    2450.7
  318166      3059     576.6    1068.0    1387.6    1917.5    2352.7    2943.6
  334113      2955     610.9    1128.5    1480.8    2006.4    2428.6    3645.2
  350858      2892     643.2    1196.4    1547.1    2106.4    2586.8    2783.9
  368444      3025     668.4    1258.1    1623.5    2198.4    2589.1    3027.9
  386910      3022     701.1    1338.3    1721.8    2318.0    2822.7    3400.4
  406302      2949     733.3    1394.4    1829.9    2420.1    2939.1    3354.2
  426666      2909     769.0    1472.8    1911.0    2638.2    3675.3    3976.0
  448051      2836     809.7    1552.7    2045.0    2871.0    3323.5    3440.2
  470507      2956     856.3    1629.9    2145.3    2908.5    4300.9    4501.4
  492079      1816     891.4    1709.6    2293.2    3161.8    4112.0    4439.9
  514641      1793     929.8    1796.5    2378.6    3350.4    4070.4    4336.6
  538237      1715     975.6    1878.1    2500.3    3336.6    4231.2    4325.2
  562914      1738    1020.2    1983.7    2642.5    3645.5    4742.4    5257.5
  588723      1749    1072.7    2079.9    2749.7    3728.0    4653.0    5016.1
  615716      1829    1113.2    2193.4    3006.0    4057.0    4756.4    5202.1
  643946      1727    1179.6    2289.2    3136.9    4140.5    5252.3    5750.6
  673470      1641    1210.1    2396.9    3200.2    4375.1    5227.8    5450.9
  704348      1763    1298.2    2519.5    3415.0    4679.2    6474.8    7824.3
  736642      1726    1338.0    2654.0    3620.5    4872.2    5661.7    6252.0
  754877      1178    1416.4    2703.2    3673.5    4917.6    5898.3    6231.4
  773563      1158    1428.7    2775.9    3841.1    5706.1    6746.6   10176.9
  792711      1088    1495.4    2891.9    3995.2    5530.0    6380.0    7880.1
  812333      1173    1473.9    2956.8    4015.5    5397.8    6404.0    7023.8
  832442      1213    1544.1    3011.5    4101.2    5692.1    6725.9    6756.1
  853048      1177    1552.2    3104.7    4332.0    5855.6    7024.4    7534.8
  874164      1149    1662.3    3213.4    4480.4    6050.4    7195.6    7892.5
  895802      1187    1754.2    3301.1    4543.0    6214.7    8595.4    8612.1
  917977      1178    1766.9    3366.8    4654.5    6471.4    8096.7    8955.8
  940700      1173    1730.6    3414.0    4962.6    6974.0    8172.2    9240.6
 1002039      2851    1889.3    3713.2    5113.8    7257.9    9878.2   11655.6
 1067379      2915    1950.8    3956.6    5678.9    7813.8    9910.5   11298.1
 1136978      2968    2046.0    4232.6    6067.7    8295.0   10917.2   11414.3
 1211116      2934    2249.7    4534.4    6432.9    8557.6   10470.0   11444.5
 1290088      2967    2385.2    4864.9    6860.8    9582.1   10997.8   12140.1
 1374210      2977    2466.1    5179.8    7391.1   10420.3   13109.0   15658.7
 1463817      2903    2796.9    5590.8    8193.6   10915.7   13451.4   14284.6
 1559267      2954    2881.8    5990.9    8675.5   12102.6   17328.8   18980.8
 1660940      2912    3108.5    6391.5    9272.6   12862.0   15681.7   17368.1
 1769244      2988    3286.4    6812.5    9953.4   14100.4   19201.7   19626.1
 1805665      1814    3464.6    7070.0   10460.1   15118.4   21518.5   23446.2
 1842837      1875    3696.6    7149.1   10640.0   15849.9   21040.6   23936.9
 1880773      1793    3636.8    7377.8   10971.6   15979.9   19986.0   23552.3
 1919490      1815    3583.8    7563.8   10877.9   14823.8   18924.4   22308.7
 1959005      1786    3900.1    7728.1   11566.4   16703.7   22601.7   27892.6
 1999332      1729    3982.3    7911.4   12114.0   16094.9   23155.3   39912.1
 2040490      1749    3912.5    8164.5   11967.5   17268.3   22806.3   27801.7
 2082496      1781    4023.7    8261.7   12424.8   18857.7   24040.9   24108.5
 2125366      1719    4264.8    8341.6   12636.5   18026.8   27585.4   28224.0
 2169118      1784    4195.5    8762.7   13165.8   19203.0   28494.7   34529.1
 2527289      4153    5210.0   10336.8   15652.2   23262.5   30429.2   41052.3
 2944602      4227    5982.2   12359.1   19163.8   28915.8   37853.3   50479.6
 3430822      4128    6916.2   14811.9   23595.9   34760.9   44183.2   54953.5
 3997329      4104    8462.9   18027.8   29197.3   42824.7   56187.1   63678.2
 4657379      4006    9963.6   21663.2   35461.8   52932.0   68457.2   81797.1
 5426418      4090   11250.2   25954.7   44279.9   64343.8   87804.3   95283.1
 6322443      4048   13539.2   31460.7   53044.8   79715.9  103833.8  126110.5
 7366423      4051   16225.1   37014.3   62865.6  101827.8  129835.7  157977.6
 8582787      4034   18811.1   44352.2   77135.5  129764.3  185330.0  254955.7
10000000      4056   23309.6   53073.1   94335.4  177294.6  257126.2  368939.6
**** client2.ms0811.log:
1487747669.133967276 HomaTransport.cc:1722 in checkTimeouts WARNING[1]: client rpc starved of grant, sequence 170168, grantOffset 6788460
1487747697.315050382 HomaTransport.cc:1722 in checkTimeouts WARNING[1]: client rpc starved of grant, sequence 317938, grantOffset 5697720
1487747709.063429745 HomaTransport.cc:1722 in checkTimeouts WARNING[1]: client rpc starved of grant, sequence 379851, grantOffset 1001070
1487747722.659961571 HomaTransport.cc:1722 in checkTimeouts WARNING[1]: client rpc starved of grant, sequence 451299, grantOffset 8820
1487747729.407074146 HomaTransport.cc:1722 in checkTimeouts WARNING[1]: client rpc starved of grant, sequence 486663, grantOffset 987840
1487747731.435336928 HomaTransport.cc:1722 in checkTimeouts WARNING[1]: client rpc starved of grant, sequence 497332, grantOffset 8820
1487747736.252179179 HomaTransport.cc:1722 in checkTimeouts WARNING[1]: client rpc starved of grant, sequence 522473, grantOffset 8820
1487747742.353358721 HomaTransport.cc:1722 in checkTimeouts WARNING[1]: client rpc starved of grant, sequence 554699, grantOffset 8820
1487747745.385758840 HomaTransport.cc:1722 in checkTimeouts WARNING[1]: client rpc starved of grant, sequence 570602, grantOffset 3544170
1487747755.135443539 HomaTransport.cc:1722 in checkTimeouts WARNING[1]: client rpc starved of grant, sequence 621728, grantOffset 3738210
1487747769.949938318 HomaTransport.cc:1722 in checkTimeouts WARNING[1]: client rpc starved of grant, sequence 699506, grantOffset 2102100
1487747773.968714660 HomaTransport.cc:1722 in checkTimeouts WARNING[1]: client rpc starved of grant, sequence 720780, grantOffset 1797810
1487747776.157077912 HomaTransport.cc:1722 in checkTimeouts WARNING[1]: client rpc starved of grant, sequence 732209, grantOffset 1053990
1487747804.740529694 HomaTransport.cc:1722 in checkTimeouts WARNING[1]: client rpc starved of grant, sequence 882246, grantOffset 3866100
1487747805.582815634 HomaTransport.cc:1722 in checkTimeouts WARNING[1]: client rpc starved of grant, sequence 886784, grantOffset 2790060
1487747837.922394597 HomaTransport.cc:1722 in checkTimeouts WARNING[1]: client rpc starved of grant, sequence 1056587, grantOffset 1221570
1487747856.551902153 HomaTransport.cc:1722 in checkTimeouts WARNING[1]: client rpc starved of grant, sequence 1154091, grantOffset 2165310
1487747876.403917586 HomaTransport.cc:1722 in checkTimeouts WARNING[1]: client rpc starved of grant, sequence 1258613, grantOffset 1377390
1487747901.490515714 HomaTransport.cc:1722 in checkTimeouts WARNING[1]: client rpc starved of grant, sequence 1390467, grantOffset 2037420
1487747921.042145143 HomaTransport.cc:1722 in checkTimeouts WARNING[1]: client rpc starved of grant, sequence 1493167, grantOffset 8820
1487747927.047127114 HomaTransport.cc:1722 in checkTimeouts WARNING[1]: client rpc starved of grant, sequence 1524496, grantOffset 8133510
**** server2.ms0807.log:
1487747689.991113658 HomaTransport.cc:1779 in checkTimeouts WARNING[1]: server rpc starved of grant, sequence 279605, grantOffset 8820
1487747724.704700892 HomaTransport.cc:1779 in checkTimeouts WARNING[1]: server rpc starved of grant, sequence 462225, grantOffset 8820
1487747729.073616643 HomaTransport.cc:1779 in checkTimeouts WARNING[1]: server rpc starved of grant, sequence 485178, grantOffset 8820
1487747756.477813380 HomaTransport.cc:1779 in checkTimeouts WARNING[1]: server rpc starved of grant, sequence 629000, grantOffset 8820
1487747758.326495585 HomaTransport.cc:1779 in checkTimeouts WARNING[1]: server rpc starved of grant, sequence 638849, grantOffset 8820
1487747779.605455345 HomaTransport.cc:1779 in checkTimeouts WARNING[1]: server rpc starved of grant, sequence 750270, grantOffset 8820
1487747781.059737387 HomaTransport.cc:1779 in checkTimeouts WARNING[1]: server rpc starved of grant, sequence 757905, grantOffset 8820
1487747788.802017828 HomaTransport.cc:1779 in checkTimeouts WARNING[1]: server rpc starved of grant, sequence 798785, grantOffset 8820
1487747835.451713900 HomaTransport.cc:1779 in checkTimeouts WARNING[1]: server rpc starved of grant, sequence 1044134, grantOffset 8820
1487747923.442720702 HomaTransport.cc:1779 in checkTimeouts WARNING[1]: server rpc starved of grant, sequence 1506044, grantOffset 649740
1487747932.897703500 HomaTransport.cc:1779 in checkTimeouts WARNING[1]: server rpc starved of grant, sequence 1555692, grantOffset 1231860
**** client1.ms0808.log:
1487747639.808560488 HomaTransport.cc:1722 in checkTimeouts WARNING[1]: client rpc starved of grant, sequence 15575, grantOffset 8820
1487747654.814080008 HomaTransport.cc:1722 in checkTimeouts WARNING[1]: client rpc starved of grant, sequence 94377, grantOffset 1431780
1487747656.950433065 HomaTransport.cc:1722 in checkTimeouts WARNING[1]: client rpc starved of grant, sequence 105620, grantOffset 8820
1487747719.691424547 HomaTransport.cc:1722 in checkTimeouts WARNING[1]: client rpc starved of grant, sequence 434726, grantOffset 2081520
1487747733.895881758 HomaTransport.cc:1722 in checkTimeouts WARNING[1]: client rpc starved of grant, sequence 509602, grantOffset 909930
1487747735.860144111 HomaTransport.cc:1722 in checkTimeouts WARNING[1]: client rpc starved of grant, sequence 519614, grantOffset 3231060
1487747762.171025509 HomaTransport.cc:1722 in checkTimeouts WARNING[1]: client rpc starved of grant, sequence 658057, grantOffset 4339440
1487747796.186360347 HomaTransport.cc:1722 in checkTimeouts WARNING[1]: client rpc starved of grant, sequence 836829, grantOffset 8820
1487747813.919072278 HomaTransport.cc:1722 in checkTimeouts WARNING[1]: client rpc starved of grant, sequence 929934, grantOffset 8820
1487747816.479581337 HomaTransport.cc:1722 in checkTimeouts WARNING[1]: client rpc starved of grant, sequence 943178, grantOffset 7095690
1487747840.077535634 HomaTransport.cc:1722 in checkTimeouts WARNING[1]: client rpc starved of grant, sequence 1066974, grantOffset 2828280
1487747890.869946997 HomaTransport.cc:1722 in checkTimeouts WARNING[1]: client rpc starved of grant, sequence 1333905, grantOffset 1509690
1487747910.021120655 HomaTransport.cc:1722 in checkTimeouts WARNING[1]: client rpc starved of grant, sequence 1434565, grantOffset 2194710
1487747922.477204553 HomaTransport.cc:1722 in checkTimeouts WARNING[1]: client rpc starved of grant, sequence 1499929, grantOffset 3749970
1487747936.427813484 HomaTransport.cc:1722 in checkTimeouts WARNING[1]: client rpc starved of grant, sequence 1573089, grantOffset 1931580
**** server1.ms0806.log:
1487747652.167469314 HomaTransport.cc:1779 in checkTimeouts WARNING[1]: server rpc starved of grant, sequence 81099, grantOffset 2321130
1487747667.232712779 HomaTransport.cc:1779 in checkTimeouts WARNING[1]: server rpc starved of grant, sequence 160155, grantOffset 1051050
1487747709.995164876 HomaTransport.cc:1779 in checkTimeouts WARNING[1]: server rpc starved of grant, sequence 385096, grantOffset 8820
1487747712.069721470 HomaTransport.cc:1779 in checkTimeouts WARNING[1]: server rpc starved of grant, sequence 396019, grantOffset 833490
1487747724.161388702 HomaTransport.cc:1779 in checkTimeouts WARNING[1]: server rpc starved of grant, sequence 459520, grantOffset 889350
1487747725.796112140 HomaTransport.cc:1779 in checkTimeouts WARNING[1]: server rpc starved of grant, sequence 468008, grantOffset 408660
1487747732.873063681 HomaTransport.cc:1779 in checkTimeouts WARNING[1]: server rpc starved of grant, sequence 505238, grantOffset 8820
1487747735.558015965 HomaTransport.cc:1779 in checkTimeouts WARNING[1]: server rpc starved of grant, sequence 519307, grantOffset 8820
1487747736.408726876 HomaTransport.cc:1779 in checkTimeouts WARNING[1]: server rpc starved of grant, sequence 523559, grantOffset 883470
1487747738.433173900 HomaTransport.cc:1779 in checkTimeouts WARNING[1]: server rpc starved of grant, sequence 534381, grantOffset 958440
1487747754.974688060 HomaTransport.cc:1779 in checkTimeouts WARNING[1]: server rpc starved of grant, sequence 621412, grantOffset 945210
1487747777.739871725 HomaTransport.cc:1779 in checkTimeouts WARNING[1]: server rpc starved of grant, sequence 740974, grantOffset 8820
1487747803.337786584 HomaTransport.cc:1779 in checkTimeouts WARNING[1]: server rpc starved of grant, sequence 875984, grantOffset 1151010
1487747824.406293151 HomaTransport.cc:1779 in checkTimeouts WARNING[1]: server rpc starved of grant, sequence 986579, grantOffset 8820
1487747841.374215441 HomaTransport.cc:1779 in checkTimeouts WARNING[1]: server rpc starved of grant, sequence 1075679, grantOffset 8820
1487747844.775601905 HomaTransport.cc:1779 in checkTimeouts WARNING[1]: server rpc starved of grant, sequence 1093106, grantOffset 1740480
1487747846.200068105 HomaTransport.cc:1779 in checkTimeouts WARNING[1]: server rpc starved of grant, sequence 1101163, grantOffset 8820
1487747858.648725732 HomaTransport.cc:1779 in checkTimeouts WARNING[1]: server rpc starved of grant, sequence 1166894, grantOffset 8820
1487747871.699546930 HomaTransport.cc:1779 in checkTimeouts WARNING[1]: server rpc starved of grant, sequence 1235510, grantOffset 8820
1487747877.643856221 HomaTransport.cc:1779 in checkTimeouts WARNING[1]: server rpc starved of grant, sequence 1267172, grantOffset 97020
1487747900.136609122 HomaTransport.cc:1779 in checkTimeouts WARNING[1]: server rpc starved of grant, sequence 1385262, grantOffset 8820
1487747933.887222021 HomaTransport.cc:1779 in checkTimeouts WARNING[1]: server rpc starved of grant, sequence 1562632, grantOffset 8820

