100B per node
          2       100     10000      3.91      4.26      4.87      5.77
          3       100     10000     10.08     11.45     12.52     13.93
          4       100     10000      8.81      9.70     10.96     15.81
          5       100     10000     15.03     16.52     17.43     19.82
          6       100     10000     15.86     17.93     19.02     23.72
          7       100     10000     19.97     21.87     23.06     26.98
          8       100     10000     14.61     16.18     17.58     25.42
          9       100     10000     20.83     22.48     23.73     28.52
         10       100     10000     21.62     23.24     24.46     29.23
         11       100     10000     23.82     25.57     26.79     32.68
         12       100     10000     24.08     25.57     26.81     33.27
         13       100     10000     27.62     29.89     31.20     37.18
         14       100     10000     27.84     29.87     31.63     38.25
         15       100     10000     28.07     30.22     31.88     38.89
         16       100     10000     21.15     23.32     25.96     33.38
         17       100     10000     27.52     29.30     31.45     37.83
         18       100     10000     28.10     30.00     31.70     38.36
         19       100     10000     28.60     30.43     33.04     40.60
         20       100     10000     28.86     30.62     33.97     41.00
         21       100     10000     31.40     33.54     35.62     41.72
         22       100     10000     31.32     33.75     36.18     42.75
         23       100     10000     31.81     33.90     36.21     42.79
         24       100     10000     31.98     33.98     36.66     43.88
         25       100     10000     35.81     38.25     40.53     46.53
         26       100     10000     36.67     38.86     41.40     48.03
         27       100     10000     37.22     39.80     42.51     48.68
         28       100     10000     37.15     39.90     43.36     51.02
         29       100     10000     37.36     40.27     44.22     51.99
         30       100     10000     37.69     40.35     44.85     52.19
         31       100     10000     37.94     40.52     45.34     52.78
         32       100     10000     29.12     31.93     38.10     44.26
         33       100     10000     36.38     38.58     41.88     54.06
         34       100     10000     37.05     39.44     43.65     54.53
         35       100     10000     37.70     40.04     44.47     54.33
         36       100     10000     37.89     40.22     45.44     54.89
         37       100     10000     38.68     41.02     46.29     54.74
         38       100     10000     39.11     41.50     46.55     54.81
         39       100     10000     39.38     41.79     47.61     55.97
         40       100     10000     39.18     41.97     47.75     55.69
         41       100     10000     41.31     44.25     49.87     58.34
         42       100     10000     42.12     44.96     50.52     58.63
         43       100     10000     42.53     45.41     51.04     59.12
         44       100     10000     43.13     45.79     51.79     58.30
         45       100     10000     43.39     45.84     51.72     58.49
         46       100     10000     43.55     46.10     52.48     58.99
         47       100     10000     43.76     46.15     52.66     59.50
         48       100     10000     43.81     46.25     53.12     61.59
         49       100     10000     47.57     50.86     54.29     62.39
         50       100     10000     48.39     51.59     55.59     64.05
         51       100     10000     49.33     52.45     56.40     64.67
         52       100     10000     49.51     52.63     57.19     64.92
         53       100     10000     49.55     52.95     58.03     65.38
         54       100     10000     49.92     53.35     58.71     65.89
         55       100     10000     50.18     53.64     59.14     67.13

1KB per node
          2      1000     10000      5.72      6.34      6.82      7.77
          3      1000     10000     15.43     16.79     17.74     19.71
          4      1000     10000     13.22     14.13     15.14     20.64
          5      1000     10000     22.92     24.48     25.43     27.25
          6      1000     10000     25.20     28.04     29.22     33.20
          7      1000     10000     32.84     35.34     36.81     41.61
          8      1000     10000     22.91     24.45     26.10     33.95
          9      1000     10000     34.28     36.30     37.56     43.41
         10      1000     10000     35.10     36.96     38.59     45.77
         11      1000     10000     38.83     41.64     43.30     50.43
         12      1000     10000     40.31     42.87     58.31     73.29
         13      1000     10000     48.16     51.26     64.67     74.03
         14      1000     10000     49.10     51.86     64.80     69.00
         15      1000     10000     50.06     52.60     65.33     73.20
         16      1000     10000     34.85     37.20     41.36     48.19
         17      1000     10000     48.69     51.89     53.71     59.63
         18      1000     10000     50.19     53.03     55.22     63.10
         19      1000     10000     51.86     54.56     57.17     65.15
         20      1000     10000     53.61     56.53     74.24     90.96
         21      1000     10000     59.14     63.47     77.38     97.18
         22      1000     10000     60.62     63.97     78.69     98.89
         23      1000     10000     62.15     64.81     78.53     99.10
         24      1000     10000     63.08     65.73     81.39    103.03
         25      1000     10000     71.16     76.24     83.37    116.80
         26      1000     10000     73.02     77.06     84.51    117.43
         27      1000     10000     73.77     77.68     85.05    117.59
         28      1000     10000     77.67     81.86     92.97    118.80
         29      1000     10000     77.28     82.92    106.57    124.96
         30      1000     10000     78.48     83.56    107.48    126.34
         31      1000     10000     79.89     84.42     98.34    131.39
         32      1000     10000     53.72     56.55     63.94     71.05
         33      1000     10000     73.42     79.81     83.60     92.36
         34      1000     10000     75.20     80.47     84.50     93.52
         35      1000     10000     76.89     80.99     85.07     95.58
         36      1000     10000     77.94     81.70     95.05    130.68
         37      1000     10000     83.97     88.71    118.23    135.10
         38      1000     10000     84.97     89.35    132.44    138.28
         39      1000     10000     86.99     90.78    120.41    139.55
         40      1000     10000     88.86     92.89    120.97    139.68
         41      1000     10000     99.11    103.02    124.11    151.01
         42      1000     10000     99.32    103.84    123.75    144.31
         43      1000     10000    100.51    104.67    125.42    156.40
         44      1000     10000    111.88    117.48    137.91    157.80
         45      1000     10000    114.39    119.18    136.91    165.85
         46      1000     10000    114.48    119.89    137.96    167.87
         47      1000     10000    115.92    121.07    151.21    170.39
         48      1000     10000    116.90    122.40    153.79    174.39
         49      1000     10000    118.24    123.61    153.02    174.87
         50      1000     10000    118.98    124.54    154.15    184.75
         51      1000     10000    119.02    124.68    154.38    186.34
         52      1000     10000    120.90    126.13    151.80    190.93
         53      1000     10000    122.73    129.20    157.15    189.97
         54      1000     10000    124.63    130.26    165.70    191.40
         55      1000     10000    125.84    131.70    167.52    191.60
