1KB message
            2        1000   10000        7.09        7.68        7.52        8.21        9.52
            3        1000   10000        8.69        9.62        9.43       10.19       14.36
            4        1000   10000       10.73       12.07       11.77       12.88       18.21
            5        1000   10000       12.93       14.67       14.36       15.54       21.70
            6        1000   10000       15.33       17.24       16.98       18.17       23.26
            7        1000   10000       17.75       19.63       19.34       20.61       26.27
            8        1000   10000       19.95       22.10       21.74       23.08       29.26
            9        1000   10000       22.25       24.39       24.00       25.38       32.17
           10        1000   10000       24.09       26.38       26.03       27.30       34.18
           11        1000   10000       25.76       28.42       27.83       29.72       36.44
           12        1000   10000       31.19       33.52       32.80       36.00       42.03
           13        1000   10000       33.13       35.54       34.86       37.35       44.21
           14        1000   10000       35.52       38.33       37.42       41.48       46.73
           15        1000   10000       37.74       40.88       40.10       43.23       48.83
           16        1000   10000       40.39       43.39       42.59       46.57       51.53
           17        1000   10000       42.59       46.36       44.83       51.30       60.57
           18        1000   10000       44.94       48.87       47.27       53.90       62.39
           19        1000   10000       47.44       51.63       49.79       56.78       65.18
           20        1000   10000       49.69       53.92       52.27       58.87       67.78
           21        1000   10000       51.95       56.43       54.61       61.75       70.00
           22        1000   10000       55.70       60.60       59.12       65.53       73.06
           23        1000   10000       58.54       63.71       62.05       69.17       76.13
           24        1000   10000       61.12       65.88       64.17       71.19       78.05
           25        1000   10000       63.38       68.19       66.30       73.69       80.59
           26        1000   10000       65.93       70.71       68.88       76.24       83.38
           27        1000   10000       68.09       73.27       71.34       79.13       85.73
           28        1000   10000       70.39       75.74       73.91       81.77       87.55
           29        1000   10000       73.07       78.71       76.67       84.29       90.48
           30        1000   10000       75.50       80.85       79.11       86.77       92.82
           31        1000   10000       78.01       83.72       81.93       89.98       95.48
           32        1000   10000       80.91       86.88       85.39       92.69       98.26
           33        1000   10000       83.56       89.63       88.18       95.27      101.05
           34        1000   10000       86.36       92.74       91.40       98.48      103.71
           35        1000   10000       88.79       95.49       94.06      101.52      106.50
           36        1000   10000       91.68       98.08       96.58      104.03      110.42
           37        1000   10000       93.97      100.37       98.92      106.43      111.78
           38        1000   10000       96.93      103.27      101.74      109.02      115.55
           39        1000   10000       99.08      105.57      104.10      111.51      118.18
           40        1000   10000      101.86      108.56      107.17      114.11      121.33
           41        1000   10000      104.44      111.55      110.15      117.26      125.59
           42        1000   10000      106.77      114.16      112.73      119.75      129.63
           43        1000   10000      109.47      116.94      115.54      122.66      131.29
           44        1000   10000      111.89      119.69      118.36      125.12      133.78
           45        1000   10000      114.60      122.30      121.04      127.83      136.69
           46        1000   10000      118.18      125.54      124.32      130.85      140.42
           47        1000   10000      120.46      128.06      126.72      133.24      143.97
           48        1000   10000      121.92      130.44      129.16      135.91      145.99
           49        1000   10000      125.45      133.42      132.15      138.62      148.34
           50        1000   10000      128.21      135.89      134.59      141.37      150.98
           51        1000   10000      131.67      139.23      137.89      144.34      153.63
           52        1000   10000      134.32      142.08      140.76      147.02      157.30
           53        1000   10000      136.72      144.67      143.48      149.66      160.51
           54        1000   10000      138.28      147.09      146.00      152.21      162.02
           55        1000   10000      141.40      150.15      148.75      155.25      167.62

100KB message
            2      100000   10000       42.22       44.63       44.38       46.03       50.41
            3      100000   10000       78.08       83.70       82.29       86.47      104.61
            4      100000   10000      114.23      133.72      132.63      141.54      159.06
            5      100000   10000      156.33      189.15      188.53      203.51      217.72
            6      100000   10000      200.54      239.53      238.71      258.62      277.17
            7      100000   10000      238.65      286.93      284.78      315.43      343.18
            8      100000   10000      278.84      333.55      330.25      365.18      400.57
            9      100000   10000      319.76      385.60      382.76      420.91      460.97
           10      100000   10000      341.59      425.35      423.93      469.04      513.52
           11      100000   10000      387.54      467.77      465.64      514.25      562.18
           12      100000   10000      423.47      510.24      508.21      559.63      603.52
           13      100000   10000      457.78      553.00      553.38      602.29      644.65
           14      100000   10000      497.67      594.53      593.55      646.77      691.17
           15      100000   10000      533.79      640.50      638.86      694.99      746.32
           16      100000   10000      573.78      684.22      682.53      739.02      787.53
           17      100000   10000      610.84      742.03      743.19      796.04      846.71
           18      100000   10000      651.26      787.78      789.21      841.19      885.10
           19      100000   10000      688.55      833.31      834.04      887.20      931.60
           20      100000   10000      734.49      876.99      877.99      930.83      978.02
           21      100000   10000      767.85      925.14      926.78      979.80     1026.53
           22      100000   10000      803.45      970.61      972.86     1027.02     1076.13
           23      100000   10000      872.26     1022.23     1021.12     1077.85     1129.12
           24      100000   10000      939.86     1083.75     1081.42     1141.71     1201.91
           25      100000   10000     1005.95     1154.47     1151.51     1214.39     1280.39
           26      100000   10000     1062.87     1209.78     1205.51     1274.56     1351.71
           27      100000   10000     1127.00     1268.93     1263.59     1340.60     1429.17
           28      100000   10000     1234.80     1417.84     1414.90     1500.48     1583.20
           29      100000   10000     1278.16     1446.90     1440.72     1531.23     1619.50
           30      100000   10000     1358.48     1523.03     1516.39     1610.51     1709.34
           31      100000   10000     1393.86     1613.12     1605.89     1706.16     1800.47
           32      100000   10000     1497.45     1688.78     1682.30     1781.42     1884.84
           33      100000   10000     1537.11     1745.83     1740.89     1838.62     1934.01
           34      100000   10000     1578.19     1806.67     1799.86     1905.47     2012.93
           35      100000   10000     1654.04     1872.18     1865.12     1975.13     2084.26
           36      100000   10000     1737.84     1969.91     1964.16     2072.91     2175.41
           37      100000   10000     1825.34     2079.76     2067.40     2201.91     2374.41
           38      100000   10000     1973.92     2205.66     2197.66     2319.63     2441.57
           39      100000   10000     2015.24     2293.82     2287.49     2414.76     2545.19
           40      100000   10000     2169.83     2480.67     2473.79     2614.88     2756.44
           41      100000   10000     2252.29     2550.13     2542.34     2691.89     2825.33
           42      100000   10000     2382.33     2670.93     2663.94     2800.26     2931.14
           43      100000   10000     2426.94     2724.65     2716.55     2857.22     2990.29
           44      100000   10000     2451.02     2749.91     2741.37     2885.88     3052.08
           45      100000   10000     2776.77     3081.04     3075.11     3205.64     3317.17
           46      100000   10000     2830.20     3158.90     3152.74     3288.79     3421.38
           47      100000   10000     2837.07     3242.30     3236.81     3390.86     3549.32
           48      100000   10000     2956.74     3340.17     3332.71     3494.47     3661.81
           49      100000   10000     2969.03     3443.47     3433.09     3627.98     3822.85
           50      100000   10000     3081.87     3485.41     3475.08     3652.63     3871.50
           51      100000   10000     3119.47     3480.48     3471.94     3638.90     3824.09
           52      100000   10000     3140.12     3507.03     3498.24     3652.29     3826.47
           53      100000   10000     3209.78     3626.55     3621.77     3777.28     3940.61
           54      100000   10000     3297.21     3697.85     3692.09     3856.14     4013.59
           55      100000   10000     3336.23     3805.51     3800.21     3974.14     4131.71
