flat gather of 10B messages
          2        10    100000      3.58      4.40      4.92      5.77
          3        10    100000      4.28      5.27      6.03      6.98
          4        10    100000      5.77      7.04      7.60      8.56
          5        10    100000      7.03      8.99      9.65     10.81
          6        10    100000      8.49     10.61     11.37     12.51
          7        10    100000     10.26     12.51     13.31     15.42
          8        10    100000     11.83     14.39     15.25     16.64
          9        10    100000     13.07     16.13     17.18     19.29
         10        10    100000     14.82     19.28     20.81     22.93
         11        10    100000     16.55     22.05     23.79     26.28
         12        10    100000     18.23     24.05     25.95     28.57
         13        10    100000     20.27     26.09     27.93     30.42
         14        10    100000     21.75     28.15     30.03     33.76
         15        10    100000     24.00     29.95     31.83     34.35
         16        10    100000     25.73     31.73     33.71     36.42
         17        10    100000     27.73     33.66     35.64     38.28
         18        10    100000     28.59     35.20     37.37     40.26
         19        10    100000     30.76     37.34     39.58     43.32
         20        10    100000     32.23     38.84     41.11     44.06
         21        10    100000     34.62     41.46     43.78     47.16
         22        10    100000     36.45     43.46     45.78     48.74
         23        10    100000     37.87     45.05     47.48     51.04
         24        10    100000     40.09     47.31     49.76     53.59
         25        10    100000     39.85     48.78     51.35     55.63
         26        10    100000     43.80     51.27     53.93     58.10
         27        10    100000     45.44     53.11     55.74     60.12
         28        10    100000     47.12     55.02     57.74     62.14
         29        10    100000     48.35     56.58     59.32     63.33
         30        10    100000     51.25     58.60     61.34     65.70
         31        10    100000     53.48     60.96     63.82     68.66
         32        10    100000     54.81     62.97     65.83     70.01
         33        10    100000     57.26     64.86     67.79     72.38
         34        10    100000     58.83     66.84     69.87     74.94
         35        10    100000     60.64     68.75     71.85     77.10
         36        10    100000     62.22     70.68     73.78     78.05
         37        10    100000     62.59     72.36     75.50     80.41
         38        10    100000     65.93     74.48     77.64     82.75
         39        10    100000     67.99     76.51     79.68     85.25
         40        10    100000     69.83     78.29     81.44     85.95
         41        10    100000     71.44     80.82     84.16     89.66
         42        10    100000     73.90     82.69     86.10     91.58
         43        10    100000     75.47     84.36     87.81     93.44
         44        10    100000     78.04     87.16     90.69     97.14
         45        10    100000     80.05     88.79     92.23     97.53
         46        10    100000     80.92     90.32     93.84     99.55
         47        10    100000     83.39     92.52     96.06    101.86
         48        10    100000     84.64     93.89     97.46    103.20
         49        10    100000     86.30     95.74     99.37    105.39
         50        10    100000     87.82     97.81    101.54    107.45
         51        10    100000     91.83    100.89    104.62    110.70
         52        10    100000     92.27    102.48    106.26    112.15
         53        10    100000     93.44    103.94    107.77    113.91
         54        10    100000     95.89    105.90    109.78    115.76
         55        10    100000     98.39    108.18    112.07    118.35

