Useful commands
num_nodes = list(range(56))[2:]
10_nomial_tree = [2.95,3.56,4.12,4.74,5.44,5.84,6.59,7.09,7.63,8.39,8.37,8.37,8.28,8.43,8.91,9.41,10.00,10.53,11.47,11.38,11.36,11.37,11.40,11.45,11.42,11.38,11.43,11.69,12.23,12.16,12.14,12.09,12.21,12.25,12.28,12.05,12.39,12.27,12.91,12.93,12.91,12.88,12.91,12.96,12.96,12.95,12.91,13.17,13.51,13.44,13.47,13.56,13.45,13.53]
binary_tree = [3.25,3.92,6.63,7.42,7.54,7.98,10.11,10.84,11.08,11.38,11.70,11.87,11.93,12.18,13.54,14.47,14.59,14.99,15.19,15.29,15.57,15.88,16.07,15.90,16.36,16.36,16.35,16.60,16.70,16.95,17.83,18.49,18.53,19.09,18.96,19.46,19.53,19.94,19.81,20.18,20.20,20.39,20.36,20.63,20.58,21.05,20.97,21.02,21.12,20.98,21.04,21.13,21.40,21.39]
binomial_tree = [3.18,3.99,6.60,6.75,7.59,7.70,10.32,10.29,10.38,10.31,11.21,11.21,11.30,11.52,14.00,14.08,14.12,14.05,14.17,14.15,14.18,14.16,15.09,15.20,15.16,15.17,15.33,15.45,15.53,15.93,18.13,18.12,18.04,18.07,17.87,17.82,18.30,18.19,18.30,18.15,18.15,18.16,18.26,18.28,18.34,18.29,18.98,19.05,19.01,19.09,19.13,19.19,18.93,19.19]

To generate the above python list:
cat <this_file> | awk '{print $4}' | paste -d, -s

10-nomial-tree
          2        10    100000      2.95      3.27      3.40      4.20
          3        10    100000      3.56      3.84      4.03      5.19
          4        10    100000      4.12      4.45      4.69      5.97
          5        10    100000      4.74      5.07      5.36      6.69
          6        10    100000      5.44      5.79      6.27      7.50
          7        10    100000      5.84      6.30      6.84      8.23
          8        10    100000      6.59      6.96      7.57      8.86
          9        10    100000      7.09      7.52      8.14      9.86
         10        10    100000      7.63      8.14      8.81     10.44
         11        10    100000      8.39      8.82      9.52     10.95
         12        10    100000      8.37      8.99      9.71     11.62
         13        10    100000      8.37      8.87      9.62     12.53
         14        10    100000      8.28      8.92      9.71     13.25
         15        10    100000      8.43      9.07      9.95     13.76
         16        10    100000      8.91      9.63     10.43     14.28
         17        10    100000      9.41     10.16     10.94     15.11
         18        10    100000     10.00     10.76     11.59     15.60
         19        10    100000     10.53     11.36     12.21     16.37
         20        10    100000     11.47     12.31     13.24     17.00
         21        10    100000     11.38     12.27     13.23     16.89
         22        10    100000     11.36     12.26     13.24     16.91
         23        10    100000     11.37     12.13     13.09     16.95
         24        10    100000     11.40     12.30     13.38     17.74
         25        10    100000     11.45     12.36     13.41     17.82
         26        10    100000     11.42     12.35     13.42     17.71
         27        10    100000     11.38     12.27     13.37     17.61
         28        10    100000     11.43     12.24     13.36     17.78
         29        10    100000     11.69     12.59     13.73     18.52
         30        10    100000     12.23     13.09     14.28     18.89
         31        10    100000     12.16     13.09     14.27     18.78
         32        10    100000     12.14     13.01     14.17     18.77
         33        10    100000     12.09     13.04     14.24     19.09
         34        10    100000     12.21     13.05     14.27     19.07
         35        10    100000     12.25     13.13     14.40     19.30
         36        10    100000     12.28     13.21     14.52     19.25
         37        10    100000     12.05     13.14     14.44     19.44
         38        10    100000     12.39     13.25     14.55     19.48
         39        10    100000     12.27     13.38     14.68     19.37
         40        10    100000     12.91     14.00     15.32     19.98
         41        10    100000     12.93     14.03     15.34     20.00
         42        10    100000     12.91     13.96     15.35     20.20
         43        10    100000     12.88     13.97     15.31     20.25
         44        10    100000     12.91     13.84     15.21     20.24
         45        10    100000     12.96     13.99     15.39     20.51
         46        10    100000     12.96     13.88     15.27     20.34
         47        10    100000     12.95     14.03     15.46     20.34
         48        10    100000     12.91     13.92     15.37     20.32
         49        10    100000     13.17     14.15     15.59     20.39
         50        10    100000     13.51     14.59     15.95     20.56
         51        10    100000     13.44     14.49     15.93     20.91
         52        10    100000     13.47     14.73     16.13     21.31
         53        10    100000     13.56     14.68     16.11     21.35
         54        10    100000     13.45     14.52     16.00     21.53
         55        10    100000     13.53     14.62     16.11     21.35

10-ary tree

binary tree
          2        10    100000      3.25      3.57      3.71      4.52
          3        10    100000      3.92      4.27      4.42      5.65
          4        10    100000      6.63      7.29      7.70      9.03
          5        10    100000      7.42      8.19      8.62      9.99
          6        10    100000      7.54      8.21      8.79     10.53
          7        10    100000      7.98      8.74      9.35     11.17
          8        10    100000     10.11     11.12     11.77     13.54
          9        10    100000     10.84     11.91     12.62     14.94
         10        10    100000     11.08     12.14     12.92     16.35
         11        10    100000     11.38     12.67     13.47     16.34
         12        10    100000     11.70     12.79     13.62     17.52
         13        10    100000     11.87     12.94     13.89     18.04
         14        10    100000     11.93     13.02     14.04     17.84
         15        10    100000     12.18     13.38     14.38     19.00
         16        10    100000     13.54     14.98     15.86     19.76
         17        10    100000     14.47     15.92     16.87     20.42
         18        10    100000     14.59     15.98     17.01     21.42
         19        10    100000     14.99     16.50     17.54     21.91
         20        10    100000     15.19     16.62     17.72     22.14
         21        10    100000     15.29     16.89     18.00     22.48
         22        10    100000     15.57     17.06     18.22     23.23
         23        10    100000     15.88     17.47     18.59     23.66
         24        10    100000     16.07     17.55     18.73     24.44
         25        10    100000     15.90     17.56     18.82     24.56
         26        10    100000     16.36     17.80     19.07     24.91
         27        10    100000     16.36     17.84     19.13     24.77
         28        10    100000     16.35     17.98     19.34     25.20
         29        10    100000     16.60     18.14     19.64     25.71
         30        10    100000     16.70     18.23     19.61     25.28
         31        10    100000     16.95     18.59     19.99     25.69
         32        10    100000     17.83     19.45     20.71     26.22
         33        10    100000     18.49     20.21     21.47     26.94
         34        10    100000     18.53     20.38     21.85     27.39
         35        10    100000     19.09     21.02     22.50     27.67
         36        10    100000     18.96     20.96     22.49     27.90
         37        10    100000     19.46     21.33     22.86     28.20
         38        10    100000     19.53     21.40     23.00     28.58
         39        10    100000     19.94     21.87     23.52     28.74
         40        10    100000     19.81     21.97     23.63     29.16
         41        10    100000     20.18     22.09     23.80     29.58
         42        10    100000     20.20     22.09     23.87     29.80
         43        10    100000     20.39     22.24     23.94     30.58
         44        10    100000     20.36     22.31     24.01     30.32
         45        10    100000     20.63     22.51     24.29     30.53
         46        10    100000     20.58     22.55     24.43     30.66
         47        10    100000     21.05     23.07     24.92     31.33
         48        10    100000     20.97     22.99     24.96     31.27
         49        10    100000     21.02     23.07     25.19     31.99
         50        10    100000     21.12     23.12     25.20     31.67
         51        10    100000     20.98     23.14     25.23     31.70
         52        10    100000     21.04     23.20     25.26     31.66
         53        10    100000     21.13     23.18     25.34     31.83
         54        10    100000     21.40     23.27     25.39     31.89
         55        10    100000     21.39     23.33     25.40     31.49

binomial

          2        10    100000      3.18      3.48      3.64      4.45
          3        10    100000      3.99      4.36      4.52      5.76
          4        10    100000      6.60      7.30      7.63      9.00
          5        10    100000      6.75      7.48      7.83      9.29
          6        10    100000      7.59      8.33      8.78     10.28
          7        10    100000      7.70      8.42      9.03     10.98
          8        10    100000     10.32     11.35     11.99     13.89
          9        10    100000     10.29     11.31     11.96     13.85
         10        10    100000     10.38     11.42     12.08     14.29
         11        10    100000     10.31     11.42     12.08     14.54
         12        10    100000     11.21     12.36     13.06     15.36
         13        10    100000     11.21     12.36     13.08     15.69
         14        10    100000     11.30     12.43     13.21     16.51
         15        10    100000     11.52     12.53     13.42     17.62
         16        10    100000     14.00     15.31     16.11     18.68
         17        10    100000     14.08     15.36     16.18     19.05
         18        10    100000     14.12     15.52     16.34     18.96
         19        10    100000     14.05     15.38     16.21     18.80
         20        10    100000     14.17     15.61     16.43     18.52
         21        10    100000     14.15     15.50     16.30     18.78
         22        10    100000     14.18     15.54     16.37     19.12
         23        10    100000     14.16     15.61     16.48     20.38
         24        10    100000     15.09     16.59     17.51     21.40
         25        10    100000     15.20     16.81     17.74     21.13
         26        10    100000     15.16     16.66     17.59     21.00
         27        10    100000     15.17     16.64     17.58     21.14
         28        10    100000     15.33     16.88     17.88     22.05
         29        10    100000     15.45     16.91     17.94     22.25
         30        10    100000     15.53     17.06     18.14     22.32
         31        10    100000     15.93     17.24     18.36     23.36
         32        10    100000     18.13     19.88     20.89     24.53
         33        10    100000     18.12     19.85     20.86     24.88
         34        10    100000     18.04     19.93     20.94     24.72
         35        10    100000     18.07     20.03     21.03     24.62
         36        10    100000     17.87     19.86     20.89     24.89
         37        10    100000     17.82     19.82     20.84     24.43
         38        10    100000     18.30     20.00     21.03     24.97
         39        10    100000     18.19     20.03     21.07     25.17
         40        10    100000     18.30     20.06     21.10     25.06
         41        10    100000     18.15     20.14     21.18     25.14
         42        10    100000     18.15     20.24     21.28     25.32
         43        10    100000     18.16     20.10     21.14     25.44
         44        10    100000     18.26     20.19     21.29     25.73
         45        10    100000     18.28     20.09     21.16     25.80
         46        10    100000     18.34     20.15     21.27     25.84
         47        10    100000     18.29     20.17     21.30     26.14
         48        10    100000     18.98     20.97     22.06     26.02
         49        10    100000     19.05     20.97     22.08     26.23
         50        10    100000     19.01     21.05     22.15     26.57
         51        10    100000     19.09     20.97     22.08     26.62
         52        10    100000     19.13     21.03     22.17     26.39
         53        10    100000     19.19     21.20     22.35     27.01
         54        10    100000     18.93     20.89     22.07     27.13
         55        10    100000     19.19     21.10     22.24     26.81
